1;arms_factory;2712.00;10.10;1993.00;3.30;0
1;arms_factory;996.00;9.90;1513.00;5.96;0
1;arms_factory;2708.00;10.10;1998.00;2.70;0
1;arms_factory;2707.00;10.10;2002.00;3.90;0
1;arms_factory;2696.00;10.10;1999.00;1.74;0
1;arms_factory;2701.00;10.10;2008.00;4.41;0
1;industrial_complex;2697.00;10.10;2004.00;5.97;0
1;industrial_complex;2697.00;10.10;2009.00;2.35;0
1;industrial_complex;2707.00;10.10;1993.00;0.19;0
1;industrial_complex;2703.00;10.10;1994.00;1.39;0
1;industrial_complex;2698.00;10.10;1998.00;4.42;0
1;industrial_complex;2718.00;10.10;1998.00;2.26;0
1;air_base;2716.00;10.10;2002.00;4.92;0
1;naval_base;990.00;9.65;1506.00;-0.38;16396
1;bunker;2710.00;10.10;2008.00;2.86;0
1;bunker;997.00;9.95;1512.00;0.70;0
1;coastal_bunker;992.00;9.65;1505.00;-0.38;0
1;dockyard;992.00;9.50;1504.00;-0.38;0
1;anti_air_building;2720.00;10.10;1997.00;1.31;0
1;anti_air_building;2708.00;10.10;1998.00;3.97;0
1;anti_air_building;2711.00;10.10;2002.00;0.35;0
1;synthetic_refinery;2704.00;10.10;2003.00;3.37;0
1;fuel_silo;2701.00;10.10;2008.00;6.04;0
1;radar_station;2694.00;10.10;1996.00;3.93;0
1;rocket_site;997.00;10.05;1510.00;0.26;0
1;nuclear_reactor;2706.00;10.10;1993.00;0.36;0
2;arms_factory;503.00;10.15;1830.00;2.70;0
2;arms_factory;526.00;9.93;1830.00;3.90;0
2;arms_factory;499.00;10.10;1834.00;1.74;0
2;arms_factory;526.00;10.05;1835.00;4.41;0
2;arms_factory;502.00;10.18;1837.00;5.97;0
2;arms_factory;476.00;9.93;1809.00;2.35;0
2;industrial_complex;509.00;9.98;1844.00;0.19;0
2;industrial_complex;485.00;10.03;1817.00;1.39;0
2;industrial_complex;519.00;10.13;1818.00;4.42;0
2;industrial_complex;488.00;10.00;1824.00;2.26;0
2;industrial_complex;512.00;10.95;1823.00;4.92;0
2;industrial_complex;493.00;10.35;1830.00;0.19;0
2;air_base;522.00;10.03;1826.00;2.86;0
2;naval_base;508.00;9.50;1817.00;0.54;15688
2;naval_base;480.00;9.68;1821.00;-2.94;16603
2;naval_base;530.00;9.68;1830.00;0.90;15688
2;naval_base;495.00;9.78;1838.00;-2.78;16603
2;naval_base;465.00;10.05;1810.00;-1.11;16409
2;naval_base;504.00;9.70;1846.00;-2.55;16603
2;bunker;505.00;9.98;1842.00;3.37;0
2;bunker;516.00;10.65;1827.00;6.04;0
2;bunker;489.00;10.05;1824.00;2.42;0
2;bunker;523.00;10.23;1829.00;0.26;0
2;bunker;501.00;10.18;1824.00;0.36;0
2;bunker;476.00;10.03;1808.00;4.48;0
2;coastal_bunker;528.00;9.50;1828.00;0.90;0
2;coastal_bunker;523.00;10.03;1824.00;0.54;0
2;coastal_bunker;484.00;9.50;1826.00;-2.94;0
2;coastal_bunker;462.00;9.70;1808.00;-1.11;0
2;coastal_bunker;496.00;9.50;1818.00;0.28;0
2;coastal_bunker;508.00;10.32;1848.00;-2.55;0
2;dockyard;504.00;9.65;1843.00;-2.55;0
2;anti_air_building;514.00;10.32;1844.00;1.38;0
2;anti_air_building;485.00;10.03;1825.00;4.04;0
2;anti_air_building;519.00;10.10;1819.00;5.60;0
2;synthetic_refinery;494.00;10.38;1824.00;3.44;0
2;fuel_silo;505.00;10.05;1824.00;4.64;0
2;radar_station;501.00;10.13;1827.00;2.24;0
2;rocket_site;515.00;10.48;1830.00;4.05;0
2;nuclear_reactor;520.00;10.18;1832.00;0.43;0
3;arms_factory;530.00;10.23;1864.00;1.74;0
3;arms_factory;536.00;10.65;1865.00;4.41;0
3;arms_factory;485.00;10.07;1873.00;5.97;0
3;arms_factory;539.00;10.10;1870.00;2.35;0
3;arms_factory;532.00;10.20;1862.00;0.19;0
3;arms_factory;525.00;10.05;1857.00;1.39;0
3;industrial_complex;537.00;10.55;1873.00;4.42;0
3;industrial_complex;513.00;10.38;1870.00;2.26;0
3;industrial_complex;536.00;10.10;1862.00;4.92;0
3;industrial_complex;521.00;10.53;1876.00;0.19;0
3;industrial_complex;533.00;10.78;1884.00;2.86;0
3;industrial_complex;514.00;10.45;1878.00;0.70;0
3;air_base;530.00;10.48;1888.00;1.91;0
3;naval_base;538.00;10.00;1862.00;0.00;16603
3;naval_base;525.00;9.50;1856.00;-0.12;16603
3;naval_base;481.00;9.75;1876.00;-1.82;16996
3;naval_base;533.00;9.93;1858.00;0.09;16603
3;bunker;525.00;10.43;1883.00;3.37;0
3;bunker;544.00;10.18;1866.00;6.04;0
3;bunker;526.00;10.55;1865.00;2.42;0
3;bunker;512.00;10.15;1876.00;0.26;0
3;bunker;548.00;10.13;1883.00;0.36;0
3;coastal_bunker;504.00;9.50;1861.00;-0.95;0
3;coastal_bunker;533.00;9.93;1858.00;0.09;0
3;coastal_bunker;545.00;9.50;1862.00;0.00;0
3;coastal_bunker;522.00;9.68;1858.00;-0.12;0
3;dockyard;522.00;9.50;1856.00;-0.12;0
3;anti_air_building;543.00;10.10;1879.00;5.59;0
3;anti_air_building;496.00;9.93;1871.00;0.87;0
3;anti_air_building;528.00;10.28;1876.00;4.99;0
3;synthetic_refinery;481.00;10.07;1873.00;1.38;0
3;fuel_silo;537.00;10.43;1885.00;4.04;0
3;radar_station;516.00;10.32;1874.00;0.07;0
3;rocket_site;528.00;9.93;1856.00;3.44;0
3;nuclear_reactor;534.00;10.25;1862.00;4.64;0
4;arms_factory;555.00;10.10;1897.00;5.97;0
4;arms_factory;547.00;10.07;1916.00;2.35;0
4;arms_factory;554.00;10.18;1900.00;0.19;0
4;arms_factory;535.00;10.45;1912.00;1.39;0
4;arms_factory;541.00;10.35;1899.00;4.42;0
4;arms_factory;555.00;10.13;1894.00;2.26;0
4;industrial_complex;547.00;10.10;1910.00;4.92;0
4;industrial_complex;525.00;10.55;1892.00;0.19;0
4;industrial_complex;537.00;10.45;1908.00;2.86;0
4;industrial_complex;538.00;10.40;1896.00;0.70;0
4;industrial_complex;548.00;10.13;1906.00;1.91;0
4;industrial_complex;528.00;10.53;1901.00;4.93;0
4;air_base;545.00;10.10;1909.00;1.31;0
4;naval_base;534.00;10.35;1921.00;-2.27;15322
4;bunker;552.00;10.40;1892.00;0.35;0
4;bunker;525.00;10.55;1902.00;3.37;0
4;bunker;543.00;9.95;1912.00;6.04;0
4;coastal_bunker;536.00;9.50;1924.00;-2.27;0
4;dockyard;537.00;9.75;1924.00;-2.27;0
4;anti_air_building;548.00;10.07;1904.00;0.36;0
4;anti_air_building;558.00;10.00;1898.00;4.48;0
4;anti_air_building;541.00;9.90;1918.00;0.86;0
4;synthetic_refinery;521.00;10.68;1897.00;3.88;0
4;fuel_silo;521.00;10.85;1892.00;5.09;0
4;radar_station;540.00;10.10;1907.00;3.47;0
4;rocket_site;540.00;10.05;1911.00;5.59;0
4;nuclear_reactor;545.00;9.95;1913.00;0.87;0
5;arms_factory;511.00;10.35;1907.00;0.19;0
5;arms_factory;516.00;10.73;1913.00;1.39;0
5;arms_factory;505.00;10.43;1882.00;4.42;0
5;arms_factory;526.00;10.57;1914.00;2.26;0
5;arms_factory;516.00;10.82;1884.00;4.92;0
5;arms_factory;514.00;10.45;1910.00;0.19;0
5;industrial_complex;511.00;10.38;1888.00;2.86;0
5;industrial_complex;522.00;10.53;1911.00;0.70;0
5;industrial_complex;514.00;11.10;1917.00;1.91;0
5;industrial_complex;531.00;10.68;1912.00;4.93;0
5;industrial_complex;508.00;10.23;1881.00;1.31;0
5;industrial_complex;513.00;10.25;1898.00;3.97;0
5;air_base;515.00;10.85;1883.00;0.35;0
5;naval_base;508.00;9.50;1905.00;-1.29;16996
5;naval_base;508.00;10.10;1888.00;-1.57;16996
5;bunker;508.00;10.25;1911.00;2.42;0
5;bunker;502.00;10.30;1883.00;0.26;0
5;coastal_bunker;491.00;9.50;1905.00;-1.29;0
5;coastal_bunker;504.00;10.03;1885.00;-1.57;0
5;dockyard;507.00;9.78;1910.00;-1.29;0
5;anti_air_building;514.00;10.78;1913.00;3.88;0
5;anti_air_building;516.00;10.80;1902.00;5.09;0
5;anti_air_building;524.00;10.68;1914.00;2.93;0
5;synthetic_refinery;496.00;10.07;1878.00;5.59;0
5;fuel_silo;509.00;10.75;1916.00;0.87;0
5;radar_station;509.00;10.00;1899.00;4.18;0
5;rocket_site;516.00;10.65;1907.00;1.38;0
5;nuclear_reactor;512.00;10.05;1892.00;4.04;0
6;arms_factory;500.00;9.98;1924.00;4.42;0
6;arms_factory;499.00;9.90;1922.00;2.26;0
6;arms_factory;501.00;10.05;1923.00;4.92;0
6;arms_factory;503.00;10.05;1924.00;0.19;0
6;arms_factory;501.00;10.00;1922.00;2.86;0
6;arms_factory;504.00;10.05;1923.00;0.70;0
6;industrial_complex;499.00;9.90;1920.00;1.91;0
6;industrial_complex;504.00;9.95;1922.00;4.93;0
6;industrial_complex;500.00;9.98;1924.00;1.31;0
6;industrial_complex;502.00;9.93;1920.00;3.97;0
6;industrial_complex;500.00;10.00;1923.00;0.35;0
6;industrial_complex;503.00;9.90;1918.00;3.37;0
6;air_base;505.00;9.98;1920.00;6.04;0
6;naval_base;496.00;9.90;1922.00;-3.14;15322
6;bunker;504.00;9.90;1919.00;0.26;0
6;coastal_bunker;498.00;9.50;1920.00;-0.59;0
6;dockyard;498.00;9.50;1920.00;-0.59;0
6;anti_air_building;501.00;9.90;1920.00;0.86;0
6;anti_air_building;503.00;9.93;1921.00;3.88;0
6;anti_air_building;502.00;9.90;1918.00;5.09;0
6;synthetic_refinery;504.00;9.93;1920.00;2.93;0
6;fuel_silo;498.00;9.90;1923.00;5.59;0
6;radar_station;501.00;10.00;1922.00;2.70;0
6;rocket_site;499.00;9.90;1922.00;4.99;0
6;nuclear_reactor;501.00;10.05;1923.00;1.38;0
7;arms_factory;501.00;9.90;1960.00;4.92;0
7;arms_factory;497.00;10.15;1953.00;0.19;0
7;arms_factory;498.00;10.65;1956.00;2.86;0
7;arms_factory;500.00;10.40;1958.00;0.70;0
7;arms_factory;497.00;10.28;1954.00;1.91;0
7;arms_factory;497.00;10.48;1955.00;4.93;0
7;industrial_complex;499.00;10.60;1957.00;1.31;0
7;industrial_complex;497.00;10.15;1953.00;3.97;0
7;industrial_complex;496.00;10.20;1954.00;0.35;0
7;industrial_complex;499.00;10.32;1958.00;3.37;0
7;industrial_complex;496.00;10.13;1952.00;6.04;0
7;industrial_complex;496.00;10.25;1953.00;2.42;0
7;air_base;498.00;10.48;1957.00;0.26;0
7;naval_base;497.00;9.50;1958.00;-1.57;15474
7;bunker;496.00;10.20;1954.00;4.48;0
7;coastal_bunker;503.00;10.25;1958.00;-1.57;0
7;dockyard;497.00;10.45;1956.00;-1.57;0
7;anti_air_building;495.00;10.38;1953.00;5.09;0
7;anti_air_building;496.00;10.15;1955.00;2.93;0
7;anti_air_building;500.00;10.13;1959.00;5.59;0
7;synthetic_refinery;494.00;10.38;1952.00;0.87;0
7;fuel_silo;500.00;10.38;1955.00;4.99;0
7;radar_station;498.00;10.65;1956.00;0.84;0
7;rocket_site;501.00;10.50;1958.00;4.04;0
7;nuclear_reactor;498.00;10.28;1954.00;5.60;0
8;arms_factory;411.00;10.28;1882.00;2.86;0
8;arms_factory;414.00;10.05;1894.00;0.70;0
8;arms_factory;394.00;10.13;1884.00;1.91;0
8;arms_factory;425.00;10.07;1895.00;4.93;0
8;arms_factory;416.00;10.25;1886.00;1.31;0
8;arms_factory;396.00;9.95;1873.00;3.97;0
8;industrial_complex;431.00;10.05;1893.00;0.35;0
8;industrial_complex;430.00;9.93;1898.00;3.37;0
8;industrial_complex;409.00;10.35;1889.00;6.04;0
8;industrial_complex;373.00;10.07;1866.00;2.42;0
8;industrial_complex;424.00;9.93;1886.00;0.26;0
8;industrial_complex;406.00;10.15;1879.00;0.36;0
8;air_base;396.00;10.15;1876.00;4.48;0
8;naval_base;431.00;9.98;1886.00;0.46;15686
8;naval_base;388.00;10.03;1868.00;1.57;15810
8;naval_base;394.00;9.75;1872.00;0.79;15810
8;naval_base;411.00;9.65;1880.00;0.73;15810
8;naval_base;420.00;9.50;1882.00;0.00;15810
8;bunker;401.00;10.25;1883.00;0.87;0
8;bunker;425.00;10.40;1902.00;4.99;0
8;bunker;376.00;10.00;1865.00;1.38;0
8;bunker;394.00;10.07;1876.00;4.04;0
8;bunker;440.00;9.90;1885.00;5.60;0
8;coastal_bunker;431.00;9.93;1885.00;0.46;0
8;coastal_bunker;415.00;9.73;1882.00;0.73;0
8;coastal_bunker;420.00;9.50;1882.00;0.00;0
8;coastal_bunker;390.00;9.73;1874.00;0.79;0
8;coastal_bunker;366.00;10.07;1862.00;-0.79;0
8;dockyard;439.00;9.50;1884.00;0.46;0
8;anti_air_building;421.00;10.05;1902.00;6.11;0
8;anti_air_building;400.00;10.07;1892.00;3.95;0
8;anti_air_building;378.00;10.13;1870.00;5.16;0
8;synthetic_refinery;427.00;10.15;1891.00;3.00;0
8;fuel_silo;400.00;10.38;1884.00;4.56;0
8;radar_station;404.00;10.18;1883.00;1.02;0
8;rocket_site;430.00;10.00;1888.00;3.60;0
8;nuclear_reactor;419.00;10.05;1897.00;1.44;0
9;arms_factory;638.00;9.90;1898.00;1.91;0
9;arms_factory;654.00;9.90;1900.00;4.93;0
9;arms_factory;644.00;9.90;1895.00;1.31;0
9;arms_factory;637.00;9.93;1908.00;3.97;0
9;arms_factory;661.00;9.90;1902.00;0.35;0
9;arms_factory;654.00;9.98;1883.00;3.37;0
9;industrial_complex;654.00;9.90;1898.00;6.04;0
9;industrial_complex;647.00;9.93;1902.00;2.42;0
9;industrial_complex;662.00;9.90;1894.00;0.26;0
9;industrial_complex;652.00;9.98;1908.00;0.36;0
9;industrial_complex;632.00;9.90;1900.00;4.48;0
9;industrial_complex;655.00;9.95;1884.00;0.86;0
9;air_base;647.00;10.00;1899.00;3.88;0
9;naval_base;636.00;9.90;1908.00;-2.68;16710
9;naval_base;669.00;9.90;1889.00;1.57;16627
9;naval_base;656.00;10.03;1909.00;-3.46;16627
9;naval_base;670.00;9.90;1895.00;-4.33;16627
9;bunker;638.00;9.90;1897.00;4.99;0
9;bunker;657.00;9.90;1877.00;1.38;0
9;bunker;643.00;10.00;1905.00;4.04;0
9;bunker;664.00;9.90;1903.00;5.60;0
9;bunker;659.00;9.90;1892.00;3.44;0
9;coastal_bunker;660.00;9.90;1876.00;-0.11;0
9;coastal_bunker;661.00;9.93;1908.00;-3.46;0
9;coastal_bunker;649.00;9.90;1910.00;-4.12;0
9;coastal_bunker;670.00;9.90;1895.00;-4.33;0
9;dockyard;650.00;9.93;1910.00;-4.12;0
9;anti_air_building;653.00;9.90;1903.00;6.11;0
9;anti_air_building;645.00;9.90;1896.00;3.95;0
9;anti_air_building;645.00;9.98;1898.00;5.16;0
9;synthetic_refinery;655.00;9.90;1905.00;3.00;0
9;fuel_silo;642.00;10.00;1905.00;4.56;0
9;radar_station;649.00;9.90;1893.00;1.02;0
9;rocket_site;661.00;9.90;1878.00;3.60;0
9;nuclear_reactor;633.00;9.90;1897.00;1.44;0
10;arms_factory;636.00;9.90;1888.00;1.31;0
10;arms_factory;617.00;9.90;1894.00;3.97;0
10;arms_factory;614.00;9.90;1884.00;0.35;0
10;arms_factory;620.00;9.90;1889.00;3.37;0
10;arms_factory;625.00;9.90;1893.00;6.04;0
10;arms_factory;628.00;9.90;1888.00;2.42;0
10;industrial_complex;619.00;10.00;1883.00;0.26;0
10;industrial_complex;620.00;9.95;1886.00;0.36;0
10;industrial_complex;624.00;9.90;1896.00;4.48;0
10;industrial_complex;640.00;10.03;1886.00;0.86;0
10;industrial_complex;626.00;9.98;1880.00;3.88;0
10;industrial_complex;612.00;9.90;1881.00;5.09;0
10;air_base;614.00;9.93;1890.00;2.93;0
10;bunker;630.00;9.90;1891.00;5.59;0
10;bunker;612.00;9.98;1884.00;0.87;0
10;bunker;636.00;10.10;1884.00;4.99;0
10;anti_air_building;618.00;9.93;1885.00;1.38;0
10;anti_air_building;629.00;9.98;1881.00;4.04;0
10;anti_air_building;636.00;10.10;1884.00;5.60;0
10;synthetic_refinery;641.00;9.90;1889.00;3.44;0
10;fuel_silo;626.00;9.90;1893.00;4.64;0
10;radar_station;629.00;9.90;1889.00;2.24;0
10;rocket_site;621.00;9.90;1895.00;4.05;0
10;nuclear_reactor;627.00;9.90;1896.00;0.43;0
11;arms_factory;633.00;10.10;1874.00;0.35;0
11;arms_factory;644.00;9.90;1865.00;3.37;0
11;arms_factory;646.00;9.98;1875.00;6.04;0
11;arms_factory;655.00;9.90;1872.00;2.42;0
11;arms_factory;641.00;10.05;1877.00;0.26;0
11;arms_factory;641.00;9.90;1862.00;0.36;0
11;industrial_complex;654.00;9.90;1874.00;4.48;0
11;industrial_complex;634.00;10.10;1875.00;0.86;0
11;industrial_complex;641.00;9.98;1875.00;3.88;0
11;industrial_complex;646.00;9.90;1873.00;5.09;0
11;industrial_complex;654.00;9.90;1873.00;2.93;0
11;industrial_complex;645.00;9.90;1864.00;5.59;0
11;air_base;640.00;9.93;1872.00;0.87;0
11;naval_base;656.00;9.90;1873.00;1.50;16997
11;naval_base;640.00;9.93;1861.00;1.57;16997
11;bunker;630.00;10.05;1871.00;4.04;0
11;bunker;648.00;10.03;1880.00;5.60;0
11;bunker;645.00;9.90;1865.00;3.44;0
11;coastal_bunker;643.00;9.65;1868.00;1.50;0
11;coastal_bunker;642.00;9.90;1867.00;1.57;0
11;dockyard;634.00;9.90;1859.00;1.50;0
11;anti_air_building;647.00;9.90;1863.00;0.43;0
11;anti_air_building;633.00;10.05;1872.00;3.09;0
11;anti_air_building;628.00;10.10;1876.00;6.11;0
11;synthetic_refinery;635.00;10.07;1876.00;3.95;0
11;fuel_silo;642.00;9.95;1870.00;5.16;0
11;radar_station;640.00;9.93;1872.00;1.78;0
11;rocket_site;645.00;9.95;1874.00;4.56;0
11;nuclear_reactor;653.00;9.90;1872.00;0.94;0
12;arms_factory;634.00;9.90;1837.00;6.04;0
12;arms_factory;635.00;9.90;1842.00;2.42;0
12;arms_factory;632.00;10.03;1856.00;0.26;0
12;arms_factory;608.00;10.00;1846.00;0.36;0
12;arms_factory;631.00;10.25;1853.00;4.48;0
12;arms_factory;626.00;9.90;1861.00;0.86;0
12;industrial_complex;643.00;9.90;1845.00;3.88;0
12;industrial_complex;623.00;9.95;1858.00;5.09;0
12;industrial_complex;639.00;9.90;1842.00;2.93;0
12;industrial_complex;611.00;10.13;1851.00;5.59;0
12;industrial_complex;619.00;9.90;1840.00;0.87;0
12;industrial_complex;618.00;10.00;1848.00;4.99;0
12;air_base;657.00;10.10;1848.00;1.38;0
12;naval_base;633.00;9.50;1835.00;0.59;15370
12;naval_base;660.00;9.50;1846.00;-4.49;16997
12;naval_base;618.00;9.73;1836.00;0.17;15370
12;bunker;638.00;10.05;1845.00;4.64;0
12;bunker;613.00;10.13;1847.00;2.48;0
12;bunker;619.00;10.00;1863.00;4.05;0
12;bunker;631.00;9.90;1837.00;0.43;0
12;bunker;619.00;10.03;1842.00;3.09;0
12;coastal_bunker;659.00;9.90;1854.00;-4.49;0
12;coastal_bunker;618.00;9.73;1836.00;0.17;0
12;coastal_bunker;644.00;9.50;1839.00;0.59;0
12;dockyard;649.00;9.90;1840.00;-4.49;0
12;anti_air_building;632.00;10.10;1852.00;4.56;0
12;anti_air_building;611.00;10.13;1851.00;0.94;0
12;anti_air_building;644.00;10.23;1850.00;3.60;0
12;synthetic_refinery;611.00;9.90;1857.00;1.44;0
12;fuel_silo;656.00;10.13;1848.00;1.55;0
12;radar_station;632.00;10.00;1850.00;6.13;0
12;rocket_site;628.00;10.15;1834.00;2.05;0
12;nuclear_reactor;632.00;10.15;1840.00;4.71;0
13;arms_factory;372.00;10.70;1877.00;0.26;0
13;arms_factory;382.00;10.07;1875.00;0.36;0
13;arms_factory;367.00;10.23;1874.00;4.48;0
13;arms_factory;368.00;10.15;1872.00;0.86;0
13;arms_factory;361.00;10.15;1869.00;3.88;0
13;arms_factory;375.00;9.90;1899.00;5.09;0
13;industrial_complex;371.00;9.98;1896.00;2.93;0
13;industrial_complex;374.00;10.00;1894.00;5.59;0
13;industrial_complex;375.00;10.07;1892.00;0.87;0
13;industrial_complex;365.00;10.13;1891.00;4.99;0
13;industrial_complex;369.00;10.55;1889.00;1.38;0
13;industrial_complex;358.00;9.98;1895.00;4.04;0
13;air_base;360.00;10.07;1892.00;5.60;0
13;naval_base;331.00;9.50;1881.00;-1.07;15632
13;naval_base;350.00;9.50;1858.00;-0.88;15632
13;bunker;356.00;10.05;1887.00;2.48;0
13;bunker;386.00;10.10;1891.00;4.05;0
13;bunker;374.00;10.13;1882.00;0.43;0
13;bunker;367.00;10.23;1891.00;3.09;0
13;coastal_bunker;363.00;10.05;1896.00;-3.05;0
13;coastal_bunker;351.00;9.70;1863.00;-0.88;0
13;dockyard;342.00;10.13;1878.00;-1.07;0
13;anti_air_building;365.00;10.85;1878.00;3.00;0
13;anti_air_building;361.00;10.28;1877.00;4.56;0
13;anti_air_building;357.00;11.07;1876.00;0.94;0
13;synthetic_refinery;360.00;10.30;1875.00;3.60;0
13;fuel_silo;337.00;10.00;1875.00;1.44;0
13;radar_station;363.00;10.18;1880.00;3.19;0
13;rocket_site;340.00;10.00;1873.00;5.67;0
13;nuclear_reactor;341.00;10.00;1872.00;2.05;0
14;arms_factory;399.00;10.55;1901.00;4.48;0
14;arms_factory;392.00;10.43;1902.00;0.86;0
14;arms_factory;405.00;10.10;1902.00;3.88;0
14;arms_factory;359.00;9.90;1922.00;5.09;0
14;arms_factory;383.00;9.90;1922.00;2.93;0
14;arms_factory;379.00;9.90;1903.00;5.59;0
14;industrial_complex;372.00;9.95;1906.00;0.87;0
14;industrial_complex;377.00;9.93;1930.00;4.99;0
14;industrial_complex;390.00;10.00;1930.00;1.38;0
14;industrial_complex;405.00;10.10;1897.00;4.04;0
14;industrial_complex;392.00;9.93;1917.00;5.60;0
14;industrial_complex;383.00;10.07;1918.00;3.44;0
14;air_base;369.00;10.03;1901.00;4.64;0
14;naval_base;362.00;9.95;1907.00;-1.41;15975
14;naval_base;345.00;9.50;1929.00;-1.57;15975
14;bunker;391.00;10.00;1927.00;0.43;0
14;bunker;363.00;9.98;1911.00;3.09;0
14;bunker;402.00;10.18;1901.00;6.11;0
14;coastal_bunker;364.00;9.50;1921.00;-1.57;0
14;coastal_bunker;355.00;9.50;1899.00;-1.41;0
14;dockyard;360.00;9.50;1910.00;-1.41;0
14;anti_air_building;404.00;10.10;1911.00;4.56;0
14;anti_air_building;379.00;9.93;1926.00;0.94;0
14;anti_air_building;392.00;9.98;1926.00;3.60;0
14;synthetic_refinery;360.00;9.95;1927.00;1.44;0
14;fuel_silo;376.00;9.90;1912.00;1.55;0
14;radar_station;377.00;9.90;1917.00;6.13;0
14;rocket_site;397.00;10.48;1904.00;2.05;0
14;nuclear_reactor;395.00;9.98;1908.00;4.71;0
15;arms_factory;416.00;10.25;1906.00;3.88;0
15;arms_factory;434.00;10.10;1919.00;5.09;0
15;arms_factory;441.00;10.28;1909.00;2.93;0
15;arms_factory;430.00;10.03;1917.00;5.59;0
15;arms_factory;426.00;10.07;1925.00;0.87;0
15;arms_factory;446.00;10.20;1906.00;4.99;0
15;industrial_complex;435.00;10.10;1922.00;1.38;0
15;industrial_complex;449.00;10.38;1905.00;4.04;0
15;industrial_complex;417.00;10.10;1910.00;5.60;0
15;industrial_complex;445.00;10.18;1901.00;3.44;0
15;industrial_complex;436.00;10.18;1913.00;4.64;0
15;industrial_complex;414.00;10.18;1918.00;2.48;0
15;air_base;428.00;10.38;1905.00;4.05;0
15;naval_base;451.00;10.23;1922.00;-4.54;15779
15;naval_base;454.00;10.00;1910.00;-4.43;15779
15;bunker;450.00;10.80;1916.00;6.11;0
15;bunker;446.00;10.63;1909.00;3.95;0
15;bunker;426.00;10.35;1909.00;5.16;0
15;coastal_bunker;454.00;10.15;1918.00;-4.54;0
15;coastal_bunker;447.00;9.50;1893.00;0.22;0
15;dockyard;455.00;9.68;1914.00;-4.43;0
15;anti_air_building;437.00;10.23;1901.00;3.60;0
15;anti_air_building;444.00;10.48;1919.00;1.44;0
15;anti_air_building;422.00;10.03;1917.00;1.55;0
15;synthetic_refinery;451.00;10.38;1913.00;5.67;0
15;fuel_silo;420.00;10.10;1914.00;2.05;0
15;radar_station;431.00;10.00;1912.00;5.37;0
15;rocket_site;411.00;10.68;1914.00;1.45;0
15;nuclear_reactor;419.00;10.05;1923.00;4.11;0
16;arms_factory;457.00;10.28;1959.00;2.93;0
16;arms_factory;423.00;10.10;1942.00;5.59;0
16;arms_factory;452.00;10.40;1949.00;0.87;0
16;arms_factory;434.00;10.03;1934.00;4.99;0
16;arms_factory;452.00;10.10;1961.00;1.38;0
16;arms_factory;429.00;10.03;1931.00;4.04;0
16;industrial_complex;451.00;10.35;1950.00;5.60;0
16;industrial_complex;424.00;10.10;1939.00;3.44;0
16;industrial_complex;424.00;10.07;1940.00;4.64;0
16;industrial_complex;450.00;9.93;1931.00;2.48;0
16;industrial_complex;444.00;10.28;1956.00;4.05;0
16;industrial_complex;445.00;10.10;1939.00;0.43;0
16;air_base;439.00;9.90;1946.00;3.09;0
16;naval_base;453.00;9.50;1926.00;1.45;15779
16;naval_base;458.00;9.68;1950.00;0.86;15779
16;bunker;430.00;10.00;1929.00;5.16;0
16;bunker;436.00;10.18;1954.00;3.00;0
16;coastal_bunker;458.00;9.68;1950.00;0.86;0
16;coastal_bunker;450.00;9.93;1936.00;1.45;0
16;dockyard;454.00;9.65;1931.00;1.45;0
16;anti_air_building;458.00;10.70;1953.00;1.44;0
16;anti_air_building;435.00;10.10;1955.00;1.55;0
16;anti_air_building;427.00;10.15;1943.00;5.67;0
16;synthetic_refinery;439.00;10.10;1930.00;2.05;0
16;fuel_silo;429.00;10.10;1935.00;4.71;0
16;radar_station;438.00;9.93;1945.00;2.02;0
16;rocket_site;426.00;10.20;1944.00;4.11;0
16;nuclear_reactor;455.00;10.40;1951.00;0.50;0
17;arms_factory;550.00;10.38;1851.00;0.87;0
17;arms_factory;524.00;10.53;1845.00;4.99;0
17;arms_factory;568.00;9.93;1836.00;1.38;0
17;arms_factory;550.00;9.95;1841.00;4.04;0
17;arms_factory;556.00;10.20;1835.00;5.60;0
17;arms_factory;542.00;9.90;1849.00;3.44;0
17;industrial_complex;564.00;9.93;1833.00;4.64;0
17;industrial_complex;554.00;10.20;1847.00;2.48;0
17;industrial_complex;545.00;9.90;1839.00;4.05;0
17;industrial_complex;556.00;10.00;1832.00;0.43;0
17;industrial_complex;543.00;10.25;1837.00;3.09;0
17;industrial_complex;558.00;10.07;1829.00;6.11;0
17;air_base;539.00;9.90;1846.00;3.95;0
17;naval_base;572.00;9.50;1832.00;0.98;16537
17;naval_base;525.00;10.23;1848.00;-2.13;16603
17;naval_base;550.00;9.65;1829.00;0.00;15688
17;bunker;520.00;10.65;1845.00;0.94;0
17;bunker;564.00;10.00;1836.00;3.60;0
17;bunker;542.00;10.13;1834.00;1.44;0
17;coastal_bunker;557.00;9.80;1829.00;-0.17;0
17;coastal_bunker;517.00;10.68;1849.00;-2.13;0
17;coastal_bunker;553.00;9.90;1829.00;0.00;0
17;dockyard;546.00;9.50;1831.00;0.00;0
17;anti_air_building;541.00;9.98;1839.00;1.45;0
17;anti_air_building;562.00;9.90;1831.00;4.11;0
17;anti_air_building;539.00;10.20;1837.00;0.50;0
17;synthetic_refinery;549.00;10.07;1837.00;2.05;0
17;fuel_silo;535.00;10.15;1846.00;6.18;0
17;radar_station;545.00;9.93;1844.00;3.43;0
17;rocket_site;545.00;9.90;1845.00;5.22;0
17;nuclear_reactor;569.00;9.98;1837.00;0.50;0
18;arms_factory;615.00;10.03;1837.00;1.38;0
18;arms_factory;579.00;9.90;1837.00;4.04;0
18;arms_factory;579.00;9.90;1837.00;5.60;0
18;arms_factory;603.00;10.00;1841.00;3.44;0
18;arms_factory;580.00;10.07;1848.00;4.64;0
18;arms_factory;589.00;10.05;1841.00;2.48;0
18;industrial_complex;575.00;10.00;1836.00;4.05;0
18;industrial_complex;576.00;10.00;1836.00;0.43;0
18;industrial_complex;579.00;10.07;1847.00;3.09;0
18;industrial_complex;579.00;10.07;1847.00;6.11;0
18;industrial_complex;583.00;10.00;1840.00;3.95;0
18;industrial_complex;585.00;10.25;1852.00;5.16;0
18;air_base;585.00;10.25;1852.00;3.00;0
18;naval_base;581.00;9.50;1833.00;0.59;16537
18;naval_base;588.00;9.50;1835.00;0.29;16537
18;naval_base;589.00;9.90;1831.00;-1.57;16537
18;naval_base;607.00;9.50;1835.00;1.03;15370
18;naval_base;595.00;9.50;1835.00;-0.20;16537
18;bunker;597.00;10.15;1850.00;5.67;0
18;bunker;588.00;9.90;1838.00;2.05;0
18;bunker;574.00;10.00;1838.00;4.71;0
18;bunker;601.00;10.00;1842.00;1.45;0
18;bunker;585.00;10.05;1830.00;4.11;0
18;coastal_bunker;573.00;9.50;1832.00;0.59;0
18;coastal_bunker;583.00;9.90;1831.00;-1.57;0
18;coastal_bunker;600.00;9.90;1834.00;-0.88;0
18;coastal_bunker;590.00;9.50;1834.00;-0.20;0
18;coastal_bunker;588.00;9.65;1836.00;0.29;0
18;dockyard;592.00;9.50;1835.00;-0.20;0
18;anti_air_building;589.00;10.15;1851.00;4.62;0
18;anti_air_building;586.00;10.03;1845.00;5.83;0
18;anti_air_building;586.00;10.03;1845.00;3.67;0
18;synthetic_refinery;591.00;10.10;1843.00;0.40;0
18;fuel_silo;585.00;10.07;1850.00;1.61;0
18;radar_station;594.00;10.23;1842.00;4.45;0
18;rocket_site;592.00;10.20;1850.00;2.12;0
18;nuclear_reactor;592.00;10.20;1850.00;3.68;0
19;arms_factory;435.00;10.20;1970.00;5.60;0
19;arms_factory;422.00;10.15;1971.00;3.44;0
19;arms_factory;425.00;10.55;1971.00;4.64;0
19;arms_factory;428.00;10.32;1971.00;2.48;0
19;arms_factory;431.00;10.28;1971.00;4.05;0
19;arms_factory;435.00;10.23;1971.00;0.43;0
19;industrial_complex;420.00;10.18;1972.00;3.09;0
19;industrial_complex;423.00;10.25;1972.00;6.11;0
19;industrial_complex;426.00;10.40;1972.00;3.95;0
19;industrial_complex;430.00;10.30;1972.00;5.16;0
19;industrial_complex;433.00;10.25;1972.00;3.00;0
19;industrial_complex;436.00;10.35;1972.00;4.56;0
19;air_base;421.00;10.05;1973.00;0.94;0
19;naval_base;471.00;9.90;1968.00;1.41;15474
19;naval_base;422.00;10.10;1992.00;-3.08;16927
19;naval_base;459.00;10.32;1981.00;-3.39;16210
19;bunker;434.00;10.20;1973.00;5.67;0
19;bunker;468.00;9.90;1962.00;2.05;0
19;bunker;437.00;9.95;1961.00;4.71;0
19;bunker;456.00;10.65;1982.00;1.45;0
19;coastal_bunker;430.00;10.25;1983.00;-3.23;0
19;coastal_bunker;433.00;9.65;1987.00;-3.39;0
19;coastal_bunker;463.00;10.13;1978.00;-3.46;0
19;dockyard;463.00;10.20;1977.00;-3.46;0
19;anti_air_building;425.00;10.35;1975.00;1.10;0
19;anti_air_building;428.00;10.65;1975.00;5.22;0
19;anti_air_building;431.00;10.55;1975.00;0.50;0
19;synthetic_refinery;435.00;10.53;1975.00;4.62;0
19;fuel_silo;422.00;10.45;1976.00;5.83;0
19;radar_station;445.00;9.90;1975.00;2.27;0
19;rocket_site;428.00;10.73;1976.00;0.40;0
19;nuclear_reactor;432.00;10.60;1976.00;1.61;0
20;arms_factory;401.00;10.03;1964.00;4.64;0
20;arms_factory;401.00;10.15;1979.00;2.48;0
20;arms_factory;420.00;10.00;1948.00;4.05;0
20;arms_factory;368.00;9.90;1936.00;0.43;0
20;arms_factory;416.00;9.98;1978.00;3.09;0
20;arms_factory;395.00;10.07;1947.00;6.11;0
20;industrial_complex;358.00;10.13;1936.00;3.95;0
20;industrial_complex;407.00;10.45;1978.00;5.16;0
20;industrial_complex;386.00;10.10;1947.00;3.00;0
20;industrial_complex;375.00;9.98;1935.00;4.56;0
20;industrial_complex;403.00;9.90;1937.00;0.94;0
20;industrial_complex;400.00;9.93;1946.00;3.60;0
20;air_base;366.00;9.90;1935.00;1.44;0
20;naval_base;414.00;10.00;1985.00;-3.77;16927
20;naval_base;383.00;10.03;1956.00;-2.76;16258
20;naval_base;387.00;9.95;1955.00;-2.55;16258
20;bunker;409.00;10.05;1936.00;4.71;0
20;bunker;400.00;10.23;1961.00;1.45;0
20;bunker;364.00;10.00;1942.00;4.11;0
20;bunker;399.00;10.25;1986.00;0.50;0
20;coastal_bunker;394.00;9.70;1979.00;-1.18;0
20;coastal_bunker;352.00;9.50;1947.00;-2.76;0
20;coastal_bunker;388.00;9.50;1959.00;-2.55;0
20;dockyard;409.00;9.65;1988.00;-3.77;0
20;anti_air_building;403.00;10.45;1980.00;0.50;0
20;anti_air_building;381.00;10.03;1950.00;4.62;0
20;anti_air_building;402.00;10.10;1967.00;5.83;0
20;synthetic_refinery;386.00;10.07;1939.00;3.67;0
20;fuel_silo;371.00;9.90;1950.00;0.40;0
20;radar_station;387.00;9.65;1956.00;2.97;0
20;rocket_site;408.00;10.00;1938.00;5.73;0
20;nuclear_reactor;362.00;10.03;1950.00;2.12;0
21;arms_factory;441.00;10.07;2084.00;0.43;0
21;arms_factory;440.00;10.07;2090.00;3.09;0
21;arms_factory;452.00;10.07;2065.00;6.11;0
21;arms_factory;450.00;9.90;2088.00;3.95;0
21;arms_factory;444.00;10.00;2095.00;5.16;0
21;arms_factory;438.00;10.20;2080.00;3.00;0
21;industrial_complex;449.00;10.05;2092.00;4.56;0
21;industrial_complex;457.00;10.23;2064.00;0.94;0
21;industrial_complex;447.00;10.05;2088.00;3.60;0
21;industrial_complex;455.00;10.13;2098.00;1.44;0
21;industrial_complex;454.00;10.18;2073.00;1.55;0
21;industrial_complex;446.00;9.90;2092.00;5.67;0
21;air_base;454.00;10.00;2068.00;2.05;0
21;naval_base;453.00;10.32;2053.00;-1.57;16278
21;naval_base;453.00;9.50;2091.00;1.57;15422
21;naval_base;458.00;10.15;2063.00;-2.90;15422
21;naval_base;428.00;9.65;2071.00;-1.57;16981
21;naval_base;426.00;9.50;2067.00;-3.14;16981
21;bunker;443.00;10.00;2090.00;6.18;0
21;bunker;454.00;10.43;2064.00;1.10;0
21;bunker;427.00;9.93;2073.00;5.22;0
21;bunker;452.00;10.53;2052.00;0.50;0
21;bunker;426.00;9.95;2058.00;4.62;0
21;coastal_bunker;460.00;10.38;2061.00;-2.90;0
21;coastal_bunker;450.00;9.65;2099.00;1.57;0
21;coastal_bunker;425.00;9.90;2061.00;-3.14;0
21;coastal_bunker;433.00;9.50;2073.00;-1.57;0
21;coastal_bunker;450.00;9.50;2052.00;-1.57;0
21;dockyard;446.00;10.07;2067.00;-2.90;0
21;anti_air_building;456.00;10.40;2064.00;3.68;0
21;anti_air_building;447.00;10.05;2088.00;0.06;0
21;anti_air_building;449.00;10.13;2094.00;4.18;0
21;synthetic_refinery;454.00;10.18;2073.00;4.28;0
21;fuel_silo;445.00;9.90;2092.00;2.12;0
21;radar_station;446.00;9.50;2072.00;5.10;0
21;rocket_site;443.00;10.13;2088.00;1.17;0
21;nuclear_reactor;451.00;9.95;2098.00;4.18;0
22;arms_factory;536.00;10.00;2114.00;6.11;0
22;arms_factory;536.00;9.98;2121.00;3.95;0
22;arms_factory;547.00;9.93;2118.00;5.16;0
22;arms_factory;547.00;9.93;2118.00;3.00;0
22;arms_factory;538.00;9.90;2121.00;4.56;0
22;arms_factory;537.00;9.90;2123.00;0.94;0
22;industrial_complex;540.00;10.15;2119.00;3.60;0
22;industrial_complex;540.00;9.93;2121.00;1.44;0
22;industrial_complex;538.00;9.90;2123.00;1.55;0
22;industrial_complex;537.00;9.90;2120.00;5.67;0
22;industrial_complex;537.00;9.90;2120.00;2.05;0
22;industrial_complex;540.00;10.00;2123.00;4.71;0
22;air_base;538.00;9.90;2120.00;1.45;0
22;naval_base;537.00;9.90;2125.00;1.57;15266
22;naval_base;535.00;9.50;2113.00;-1.57;15929
22;bunker;538.00;9.93;2124.00;2.05;0
22;bunker;536.00;10.00;2114.00;6.18;0
22;coastal_bunker;541.00;10.03;2122.00;1.57;0
22;coastal_bunker;536.00;9.50;2113.00;-1.57;0
22;dockyard;542.00;9.98;2120.00;1.57;0
22;anti_air_building;536.00;9.93;2123.00;4.62;0
22;anti_air_building;539.00;10.13;2119.00;5.83;0
22;anti_air_building;539.00;10.13;2119.00;3.67;0
22;synthetic_refinery;537.00;9.90;2123.00;0.40;0
22;fuel_silo;536.00;9.95;2120.00;1.61;0
22;radar_station;542.00;9.68;2119.00;4.45;0
22;rocket_site;539.00;9.90;2123.00;2.12;0
22;nuclear_reactor;539.00;9.90;2123.00;3.68;0
23;arms_factory;479.00;10.35;2027.00;5.16;0
23;arms_factory;485.00;11.35;2059.00;3.00;0
23;arms_factory;509.00;10.53;2079.00;4.56;0
23;arms_factory;521.00;10.28;2092.00;0.94;0
23;arms_factory;496.00;11.00;2061.00;3.60;0
23;arms_factory;480.00;10.38;2081.00;1.44;0
23;industrial_complex;527.00;10.53;2093.00;1.55;0
23;industrial_complex;490.00;10.85;2063.00;5.67;0
23;industrial_complex;486.00;10.23;2041.00;2.05;0
23;industrial_complex;489.00;10.00;2095.00;4.71;0
23;industrial_complex;475.00;10.18;2065.00;1.45;0
23;industrial_complex;468.00;9.90;2043.00;4.11;0
23;air_base;488.00;9.93;2096.00;0.50;0
23;naval_base;524.00;9.93;2073.00;-3.34;15929
23;naval_base;471.00;10.05;2081.00;-1.87;15422
23;naval_base;499.00;9.80;2105.00;-2.30;16139
23;naval_base;460.00;9.57;2028.00;-1.21;16278
23;bunker;486.00;10.28;2045.00;0.50;0
23;bunker;505.00;10.75;2094.00;4.62;0
23;bunker;519.00;11.10;2054.00;5.83;0
23;bunker;497.00;10.50;2075.00;3.67;0
23;coastal_bunker;489.00;9.78;2104.00;-2.30;0
23;coastal_bunker;477.00;9.50;2034.00;-1.21;0
23;coastal_bunker;470.00;10.23;2081.00;-1.87;0
23;coastal_bunker;513.00;9.88;2073.00;-3.34;0
23;dockyard;483.00;9.70;2090.00;-1.87;0
23;anti_air_building;512.00;10.10;2102.00;0.06;0
23;anti_air_building;486.00;10.03;2083.00;4.18;0
23;anti_air_building;506.00;10.25;2086.00;4.28;0
23;synthetic_refinery;511.00;10.10;2103.00;2.12;0
23;fuel_silo;466.00;10.23;2043.00;4.79;0
23;radar_station;497.00;10.53;2067.00;1.75;0
23;rocket_site;519.00;10.05;2104.00;4.18;0
23;nuclear_reactor;475.00;10.70;2044.00;0.57;0
24;arms_factory;538.00;10.25;1986.00;4.56;0
24;arms_factory;529.00;10.13;1985.00;0.94;0
24;arms_factory;506.00;10.60;1990.00;3.60;0
24;arms_factory;519.00;10.57;2000.00;1.44;0
24;arms_factory;513.00;10.50;1997.00;1.55;0
24;arms_factory;509.00;10.25;2009.00;5.67;0
24;industrial_complex;489.00;10.28;1982.00;2.05;0
24;industrial_complex;511.00;11.13;1995.00;4.71;0
24;industrial_complex;494.00;10.88;2011.00;1.45;0
24;industrial_complex;539.00;10.30;1987.00;4.11;0
24;industrial_complex;512.00;10.00;1978.00;0.50;0
24;industrial_complex;516.00;10.50;1991.00;2.05;0
24;air_base;520.00;10.50;2003.00;6.18;0
24;naval_base;486.00;9.50;1986.00;-2.16;16210
24;naval_base;509.00;9.65;1976.00;0.12;15474
24;naval_base;493.00;9.50;2005.00;-1.70;16210
24;naval_base;525.00;10.07;2017.00;-3.67;16299
24;bunker;500.00;9.93;1979.00;5.83;0
24;bunker;497.00;10.03;1996.00;3.67;0
24;bunker;513.00;10.28;1985.00;0.40;0
24;bunker;523.00;10.60;2000.00;1.61;0
24;coastal_bunker;492.00;9.75;2006.00;-1.70;0
24;coastal_bunker;486.00;9.50;1981.00;-2.16;0
24;coastal_bunker;532.00;9.50;1982.00;0.12;0
24;coastal_bunker;527.00;10.07;2017.00;-3.67;0
24;dockyard;492.00;9.50;1977.00;-0.20;0
24;anti_air_building;491.00;10.32;1983.00;4.28;0
24;anti_air_building;538.00;10.05;1984.00;2.12;0
24;anti_air_building;519.00;10.13;1983.00;4.79;0
24;synthetic_refinery;505.00;11.00;1988.00;1.17;0
24;fuel_silo;532.00;10.68;1993.00;4.18;0
24;radar_station;513.00;11.00;1994.00;0.98;0
24;rocket_site;519.00;10.40;2004.00;4.69;0
24;nuclear_reactor;493.00;10.60;2010.00;5.90;0
25;arms_factory;572.00;10.10;2002.00;3.60;0
25;arms_factory;531.00;10.57;2012.00;1.44;0
25;arms_factory;537.00;10.63;2008.00;1.55;0
25;arms_factory;555.00;10.15;2001.00;5.67;0
25;arms_factory;555.00;10.10;2002.00;2.05;0
25;arms_factory;541.00;10.63;1996.00;4.71;0
25;industrial_complex;547.00;10.32;2013.00;1.45;0
25;industrial_complex;541.00;10.05;2014.00;4.11;0
25;industrial_complex;552.00;10.28;2006.00;0.50;0
25;industrial_complex;555.00;10.25;2007.00;2.05;0
25;industrial_complex;540.00;10.60;2005.00;6.18;0
25;industrial_complex;547.00;10.25;1988.00;1.10;0
25;air_base;548.00;10.43;1992.00;5.22;0
25;naval_base;577.00;9.98;2001.00;-4.25;16299
25;naval_base;554.00;9.98;2017.00;-2.68;16299
25;naval_base;532.00;10.00;2016.00;-2.71;16299
25;naval_base;560.00;10.23;2014.00;-3.79;16299
25;bunker;554.00;10.30;1998.00;0.40;0
25;bunker;532.00;11.28;2000.00;1.61;0
25;bunker;550.00;10.23;2015.00;5.73;0
25;bunker;565.00;10.03;2004.00;2.12;0
25;coastal_bunker;547.00;9.90;2019.00;-2.68;0
25;coastal_bunker;577.00;9.98;2001.00;-4.25;0
25;coastal_bunker;564.00;10.05;2012.00;-3.79;0
25;coastal_bunker;531.00;10.05;2016.00;-2.71;0
25;dockyard;538.00;10.03;2015.00;-2.68;0
25;anti_air_building;534.00;10.05;2015.00;4.79;0
25;anti_air_building;565.00;11.15;2000.00;1.17;0
25;anti_air_building;543.00;10.63;2009.00;4.18;0
25;synthetic_refinery;540.00;10.93;2006.00;0.57;0
25;fuel_silo;552.00;10.30;1999.00;4.69;0
25;radar_station;554.00;10.15;2003.00;5.40;0
25;rocket_site;567.00;10.07;2005.00;2.63;0
25;nuclear_reactor;547.00;10.65;2011.00;5.30;0
26;arms_factory;556.00;10.20;1856.00;1.55;0
26;arms_factory;570.00;10.18;1850.00;5.67;0
26;arms_factory;574.00;10.30;1875.00;2.05;0
26;arms_factory;564.00;10.07;1852.00;4.71;0
26;arms_factory;568.00;10.15;1847.00;1.45;0
26;arms_factory;560.00;9.95;1872.00;4.11;0
26;industrial_complex;570.00;10.23;1857.00;0.50;0
26;industrial_complex;570.00;10.10;1863.00;2.05;0
26;industrial_complex;553.00;10.15;1869.00;6.18;0
26;industrial_complex;579.00;10.38;1853.00;1.10;0
26;industrial_complex;571.00;10.20;1860.00;5.22;0
26;industrial_complex;555.00;9.90;1866.00;0.50;0
26;air_base;571.00;10.15;1868.00;4.62;0
26;naval_base;551.00;9.90;1863.00;-1.01;16603
26;bunker;573.00;10.10;1847.00;3.67;0
26;bunker;576.00;10.23;1853.00;0.40;0
26;bunker;568.00;10.13;1860.00;1.61;0
26;bunker;567.00;10.35;1874.00;5.73;0
26;bunker;573.00;10.23;1872.00;2.12;0
26;coastal_bunker;549.00;9.65;1865.00;-1.01;0
26;dockyard;549.00;9.65;1865.00;-1.01;0
26;anti_air_building;557.00;9.90;1873.00;4.18;0
26;anti_air_building;572.00;10.10;1850.00;4.28;0
26;anti_air_building;570.00;10.10;1863.00;2.12;0
26;synthetic_refinery;561.00;10.15;1863.00;4.79;0
26;fuel_silo;571.00;10.25;1871.00;1.17;0
26;radar_station;565.00;10.00;1859.00;4.68;0
26;rocket_site;553.00;9.98;1859.00;0.57;0
26;nuclear_reactor;571.00;10.15;1868.00;4.69;0
27;arms_factory;617.00;10.10;1868.00;2.05;0
27;arms_factory;602.00;10.20;1869.00;4.71;0
27;arms_factory;607.00;10.28;1870.00;1.45;0
27;arms_factory;588.00;10.03;1870.00;4.11;0
27;arms_factory;595.00;10.30;1863.00;0.50;0
27;arms_factory;615.00;10.00;1876.00;2.05;0
27;industrial_complex;578.00;10.13;1864.00;6.18;0
27;industrial_complex;587.00;10.07;1856.00;1.10;0
27;industrial_complex;613.00;10.13;1868.00;5.22;0
27;industrial_complex;585.00;10.10;1857.00;0.50;0
27;industrial_complex;588.00;10.07;1862.00;4.62;0
27;industrial_complex;584.00;10.05;1870.00;5.83;0
27;air_base;598.00;10.05;1862.00;3.67;0
27;bunker;611.00;10.10;1876.00;0.40;0
27;bunker;599.00;10.25;1864.00;1.61;0
27;bunker;588.00;10.18;1859.00;5.73;0
27;anti_air_building;609.00;10.15;1868.00;2.12;0
27;anti_air_building;598.00;10.07;1868.00;3.68;0
27;anti_air_building;620.00;10.10;1868.00;0.06;0
27;synthetic_refinery;580.00;10.13;1870.00;4.18;0
27;fuel_silo;594.00;10.23;1862.00;4.28;0
27;radar_station;601.00;10.38;1867.00;2.51;0
27;rocket_site;610.00;10.07;1865.00;4.79;0
27;nuclear_reactor;618.00;10.18;1876.00;1.17;0
28;arms_factory;575.00;10.03;1899.00;1.45;0
28;arms_factory;583.00;10.07;1892.00;4.11;0
28;arms_factory;563.00;10.10;1905.00;0.50;0
28;arms_factory;560.00;9.90;1880.00;2.05;0
28;arms_factory;576.00;9.98;1904.00;6.18;0
28;arms_factory;573.00;9.93;1883.00;1.10;0
28;industrial_complex;562.00;10.18;1911.00;5.22;0
28;industrial_complex;581.00;10.10;1882.00;0.50;0
28;industrial_complex;581.00;10.13;1901.00;4.62;0
28;industrial_complex;580.00;10.03;1889.00;5.83;0
28;industrial_complex;564.00;10.32;1918.00;3.67;0
28;industrial_complex;586.00;10.13;1895.00;0.40;0
28;air_base;566.00;10.18;1902.00;1.61;0
28;bunker;579.00;10.18;1895.00;5.73;0
28;bunker;564.00;9.95;1885.00;2.12;0
28;bunker;567.00;10.28;1902.00;3.68;0
28;bunker;578.00;10.35;1918.00;0.06;0
28;bunker;569.00;9.93;1881.00;4.18;0
28;anti_air_building;557.00;10.07;1914.00;4.28;0
28;anti_air_building;583.00;10.10;1885.00;2.12;0
28;anti_air_building;574.00;10.10;1907.00;4.79;0
28;synthetic_refinery;577.00;10.10;1892.00;1.17;0
28;fuel_silo;562.00;10.13;1899.00;4.18;0
28;radar_station;572.00;10.15;1899.00;0.98;0
28;rocket_site;571.00;10.05;1904.00;4.69;0
28;nuclear_reactor;583.00;10.10;1899.00;5.90;0
29;arms_factory;475.00;10.23;2024.00;0.50;0
29;arms_factory;478.00;10.20;2024.00;2.05;0
29;arms_factory;460.00;10.43;2012.00;6.18;0
29;arms_factory;462.00;10.40;2015.00;1.10;0
29;arms_factory;464.00;10.43;2018.00;5.22;0
29;arms_factory;480.00;10.18;2014.00;0.50;0
29;industrial_complex;469.00;10.13;1996.00;4.62;0
29;industrial_complex;471.00;10.20;2016.00;5.83;0
29;industrial_complex;480.00;10.28;2016.00;3.67;0
29;industrial_complex;472.00;10.55;2017.00;0.40;0
29;industrial_complex;479.00;10.28;2004.00;1.61;0
29;industrial_complex;478.00;10.70;2005.00;5.73;0
29;air_base;481.00;11.13;2005.00;2.12;0
29;naval_base;482.00;10.60;2003.00;1.57;16210
29;naval_base;459.00;10.10;2014.00;-3.61;16278
29;naval_base;474.00;9.73;2003.00;-0.20;16210
29;bunker;473.00;10.15;2008.00;4.28;0
29;bunker;482.00;10.57;2000.00;2.12;0
29;bunker;462.00;10.10;2016.00;4.79;0
29;coastal_bunker;473.00;9.80;2026.00;-3.06;0
29;coastal_bunker;458.00;9.80;2006.00;-0.46;0
29;coastal_bunker;481.00;9.53;1998.00;1.57;0
29;dockyard;480.00;9.70;2019.00;-0.20;0
29;anti_air_building;462.00;10.10;2016.00;5.90;0
29;anti_air_building;466.00;10.18;1995.00;2.63;0
29;anti_air_building;471.00;10.03;2015.00;5.30;0
29;synthetic_refinery;480.00;10.30;2015.00;1.68;0
29;fuel_silo;472.00;10.35;2016.00;4.34;0
29;radar_station;469.00;9.50;2011.00;0.52;0
29;rocket_site;481.00;10.85;2003.00;2.29;0
29;nuclear_reactor;480.00;10.78;2004.00;0.13;0
30;arms_factory;543.00;10.32;2043.00;6.18;0
30;arms_factory;548.00;10.63;2059.00;1.10;0
30;arms_factory;541.00;10.80;2058.00;5.22;0
30;arms_factory;565.00;10.07;2058.00;0.50;0
30;arms_factory;572.00;9.95;2069.00;4.62;0
30;arms_factory;550.00;10.75;2052.00;5.83;0
30;industrial_complex;552.00;10.68;2051.00;3.67;0
30;industrial_complex;538.00;10.25;2069.00;0.40;0
30;industrial_complex;541.00;11.25;2047.00;1.61;0
30;industrial_complex;552.00;9.95;2045.00;5.73;0
30;industrial_complex;563.00;10.15;2060.00;2.12;0
30;industrial_complex;555.00;10.15;2059.00;3.68;0
30;air_base;562.00;10.03;2067.00;0.06;0
30;naval_base;574.00;9.95;2068.00;1.45;15307
30;naval_base;566.00;9.80;2055.00;0.87;16299
30;bunker;559.00;10.18;2066.00;2.12;0
30;bunker;558.00;10.05;2070.00;4.79;0
30;coastal_bunker;561.00;9.82;2075.00;-3.14;0
30;coastal_bunker;556.00;9.93;2043.00;0.87;0
30;dockyard;566.00;10.00;2057.00;0.40;0
30;anti_air_building;559.00;10.13;2072.00;4.69;0
30;anti_air_building;556.00;10.05;2070.00;5.90;0
30;anti_air_building;536.00;11.38;2056.00;2.63;0
30;synthetic_refinery;540.00;10.32;2071.00;5.30;0
30;fuel_silo;541.00;10.48;2069.00;1.68;0
30;radar_station;549.00;10.32;2056.00;5.33;0
30;rocket_site;524.00;11.55;2050.00;1.07;0
30;nuclear_reactor;538.00;11.30;2061.00;2.29;0
31;arms_factory;488.00;10.38;2019.00;5.22;0
31;arms_factory;496.00;10.63;2027.00;0.50;0
31;arms_factory;508.00;9.93;2022.00;4.62;0
31;arms_factory;505.00;10.70;2033.00;5.83;0
31;arms_factory;493.00;11.07;2032.00;3.67;0
31;arms_factory;516.00;10.32;2026.00;0.40;0
31;industrial_complex;518.00;11.07;2034.00;1.61;0
31;industrial_complex;525.00;10.35;2033.00;5.73;0
31;industrial_complex;510.00;11.88;2037.00;2.12;0
31;industrial_complex;530.00;10.03;2036.00;3.68;0
31;industrial_complex;520.00;10.50;2043.00;0.06;0
31;industrial_complex;510.00;10.03;2016.00;4.18;0
31;air_base;514.00;10.10;2015.00;4.28;0
31;naval_base;547.00;9.50;2034.00;0.98;16299
31;naval_base;490.00;9.50;2014.00;-0.98;16210
31;bunker;510.00;10.60;2027.00;1.17;0
31;bunker;517.00;10.63;2045.00;4.18;0
31;coastal_bunker;484.00;9.68;2012.00;-0.98;0
31;coastal_bunker;546.00;10.03;2029.00;0.98;0
31;dockyard;487.00;10.48;2014.00;-0.98;0
31;anti_air_building;531.00;10.05;2034.00;2.63;0
31;anti_air_building;539.00;10.13;2040.00;5.30;0
31;anti_air_building;510.00;11.78;2040.00;1.68;0
31;synthetic_refinery;510.00;11.35;2045.00;4.34;0
31;fuel_silo;533.00;10.95;2043.00;1.07;0
31;radar_station;518.00;10.18;2029.00;3.46;0
31;rocket_site;513.00;10.00;2024.00;0.13;0
31;nuclear_reactor;484.00;10.28;2024.00;4.25;0
32;arms_factory;592.00;10.15;1895.00;4.62;0
32;arms_factory;596.00;10.10;1888.00;5.83;0
32;arms_factory;590.00;9.95;1911.00;3.67;0
32;arms_factory;603.00;10.10;1877.00;0.40;0
32;arms_factory;602.00;9.90;1916.00;1.61;0
32;arms_factory;603.00;10.20;1906.00;5.73;0
32;industrial_complex;591.00;10.03;1901.00;2.12;0
32;industrial_complex;594.00;10.23;1891.00;3.68;0
32;industrial_complex;590.00;10.20;1884.00;0.06;0
32;industrial_complex;597.00;10.07;1895.00;4.18;0
32;industrial_complex;601.00;9.90;1920.00;4.28;0
32;industrial_complex;595.00;9.98;1911.00;2.12;0
32;air_base;589.00;9.95;1905.00;4.79;0
32;bunker;607.00;9.90;1920.00;1.17;0
32;bunker;606.00;10.10;1896.00;4.18;0
32;bunker;593.00;10.00;1921.00;0.57;0
32;bunker;592.00;10.07;1906.00;4.69;0
32;anti_air_building;592.00;10.13;1916.00;5.90;0
32;anti_air_building;603.00;10.03;1880.00;2.63;0
32;anti_air_building;597.00;9.93;1921.00;5.30;0
32;synthetic_refinery;609.00;10.05;1911.00;1.68;0
32;fuel_silo;594.00;10.18;1905.00;4.34;0
32;radar_station;601.00;10.15;1903.00;0.52;0
32;rocket_site;607.00;10.10;1886.00;2.29;0
32;nuclear_reactor;595.00;10.15;1898.00;0.13;0
33;arms_factory;590.00;10.03;1964.00;3.67;0
33;arms_factory;606.00;10.30;1957.00;0.40;0
33;arms_factory;582.00;9.95;1950.00;1.61;0
33;arms_factory;596.00;10.05;1953.00;5.73;0
33;arms_factory;611.00;10.07;1950.00;2.12;0
33;arms_factory;590.00;9.95;1930.00;3.68;0
33;industrial_complex;612.00;9.90;1943.00;0.06;0
33;industrial_complex;606.00;9.90;1938.00;4.18;0
33;industrial_complex;585.00;9.98;1944.00;4.28;0
33;industrial_complex;589.00;9.90;1937.00;2.12;0
33;industrial_complex;610.00;9.90;1945.00;4.79;0
33;industrial_complex;599.00;10.32;1959.00;1.17;0
33;air_base;587.00;9.90;1952.00;4.18;0
33;naval_base;619.00;9.90;1942.00;1.11;16710
33;naval_base;615.00;10.05;1953.00;1.49;16710
33;naval_base;618.00;10.07;1952.00;-4.12;16710
33;bunker;585.00;9.90;1955.00;2.63;0
33;bunker;601.00;9.90;1944.00;5.30;0
33;bunker;594.00;9.90;1945.00;1.68;0
33;bunker;616.00;9.90;1943.00;4.34;0
33;bunker;588.00;9.95;1930.00;1.07;0
33;coastal_bunker;623.00;9.90;1937.00;1.11;0
33;coastal_bunker;619.00;9.50;1951.00;-4.12;0
33;coastal_bunker;610.00;10.18;1959.00;1.49;0
33;dockyard;607.00;10.32;1962.00;-3.27;0
33;anti_air_building;593.00;10.32;1963.00;2.19;0
33;anti_air_building;585.00;10.00;1959.00;4.85;0
33;anti_air_building;603.00;9.90;1941.00;0.13;0
33;synthetic_refinery;603.00;9.95;1952.00;2.80;0
33;fuel_silo;584.00;9.98;1936.00;0.63;0
33;radar_station;602.00;10.25;1947.00;2.24;0
33;rocket_site;597.00;9.90;1943.00;4.86;0
33;nuclear_reactor;582.00;9.90;1953.00;1.24;0
34;arms_factory;551.00;10.13;1951.00;1.61;0
34;arms_factory;555.00;10.43;1945.00;5.73;0
34;arms_factory;561.00;10.55;1950.00;2.12;0
34;arms_factory;568.00;10.25;1946.00;3.68;0
34;arms_factory;561.00;11.13;1962.00;0.06;0
34;arms_factory;552.00;10.40;1950.00;4.18;0
34;industrial_complex;573.00;10.57;1951.00;4.28;0
34;industrial_complex;567.00;10.57;1952.00;2.12;0
34;industrial_complex;563.00;10.23;1946.00;4.79;0
34;industrial_complex;555.00;10.75;1962.00;1.17;0
34;industrial_complex;549.00;10.13;1955.00;4.18;0
34;industrial_complex;577.00;10.28;1949.00;0.57;0
34;air_base;562.00;11.07;1952.00;4.69;0
34;naval_base;537.00;9.68;1952.00;-1.05;15322
34;naval_base;544.00;9.65;1950.00;-1.85;15322
34;bunker;541.00;10.03;1955.00;5.30;0
34;bunker;569.00;11.07;1954.00;1.68;0
34;bunker;548.00;10.20;1975.00;4.34;0
34;bunker;578.00;10.05;1945.00;1.07;0
34;bunker;547.00;9.93;1952.00;2.29;0
34;coastal_bunker;540.00;9.50;1955.00;-1.05;0
34;coastal_bunker;544.00;9.65;1950.00;-1.85;0
34;dockyard;527.00;9.50;1961.00;-1.05;0
34;anti_air_building;569.00;10.63;1948.00;2.19;0
34;anti_air_building;555.00;10.50;1964.00;4.85;0
34;anti_air_building;536.00;10.05;1957.00;0.13;0
34;synthetic_refinery;553.00;10.63;1947.00;2.80;0
34;fuel_silo;555.00;10.50;1954.00;0.63;0
34;radar_station;554.00;10.57;1956.00;2.24;0
34;rocket_site;549.00;10.93;1964.00;4.86;0
34;nuclear_reactor;540.00;10.28;1964.00;1.24;0
35;arms_factory;560.00;10.23;1940.00;2.12;0
35;arms_factory;564.00;10.10;1926.00;3.68;0
35;arms_factory;546.00;9.90;1944.00;0.06;0
35;arms_factory;575.00;10.45;1925.00;4.18;0
35;arms_factory;542.00;9.98;1927.00;4.28;0
35;arms_factory;563.00;10.18;1933.00;2.12;0
35;industrial_complex;547.00;10.05;1931.00;4.79;0
35;industrial_complex;547.00;9.90;1937.00;1.17;0
35;industrial_complex;558.00;10.00;1921.00;4.18;0
35;industrial_complex;546.00;9.90;1941.00;0.57;0
35;industrial_complex;567.00;10.65;1920.00;4.69;0
35;industrial_complex;547.00;9.93;1945.00;5.90;0
35;air_base;562.00;9.95;1926.00;2.63;0
35;naval_base;538.00;9.65;1931.00;-1.42;15322
35;naval_base;540.00;9.65;1945.00;-1.57;15322
35;bunker;546.00;9.90;1926.00;4.34;0
35;bunker;572.00;10.60;1919.00;1.07;0
35;bunker;541.00;9.90;1939.00;2.29;0
35;bunker;552.00;9.90;1927.00;0.13;0
35;bunker;578.00;10.73;1926.00;4.25;0
35;coastal_bunker;539.00;9.50;1935.00;-1.42;0
35;coastal_bunker;539.00;9.50;1943.00;-1.57;0
35;dockyard;539.00;9.65;1934.00;-1.42;0
35;anti_air_building;557.00;9.90;1930.00;0.13;0
35;anti_air_building;544.00;9.90;1927.00;2.80;0
35;anti_air_building;566.00;10.48;1933.00;0.63;0
35;synthetic_refinery;553.00;9.90;1922.00;3.30;0
35;fuel_silo;549.00;9.95;1937.00;4.86;0
35;radar_station;562.00;10.03;1931.00;1.48;0
35;rocket_site;567.00;10.45;1932.00;5.37;0
35;nuclear_reactor;569.00;10.85;1920.00;1.75;0
36;arms_factory;583.00;9.95;1963.00;0.06;0
36;arms_factory;565.00;10.78;1967.00;4.18;0
36;arms_factory;556.00;10.40;1984.00;4.28;0
36;arms_factory;576.00;10.18;1970.00;2.12;0
36;arms_factory;565.00;11.15;1971.00;4.79;0
36;arms_factory;553.00;10.80;1987.00;1.17;0
36;industrial_complex;585.00;10.13;1975.00;4.18;0
36;industrial_complex;570.00;10.50;1959.00;0.57;0
36;industrial_complex;576.00;10.03;1989.00;4.69;0
36;industrial_complex;577.00;10.13;1980.00;5.90;0
36;industrial_complex;574.00;10.20;1965.00;2.63;0
36;industrial_complex;559.00;10.60;1993.00;5.30;0
36;air_base;556.00;10.53;1980.00;1.68;0
36;naval_base;585.00;9.90;1980.00;-4.25;16523
36;naval_base;579.00;9.90;1994.00;-4.16;16299
36;bunker;582.00;9.90;1982.00;2.29;0
36;bunker;583.00;10.05;1970.00;0.13;0
36;bunker;580.00;9.93;1961.00;4.25;0
36;bunker;568.00;10.82;1972.00;4.35;0
36;coastal_bunker;579.00;9.93;1991.00;-4.16;0
36;coastal_bunker;585.00;9.90;1981.00;-4.25;0
36;dockyard;584.00;9.90;1981.00;1.57;0
36;anti_air_building;581.00;10.00;1980.00;2.80;0
36;anti_air_building;577.00;10.15;1963.00;0.63;0
36;anti_air_building;571.00;10.28;1990.00;3.30;0
36;synthetic_refinery;576.00;10.05;1983.00;4.86;0
36;fuel_silo;582.00;10.03;1967.00;1.24;0
36;radar_station;571.00;10.45;1977.00;4.41;0
36;rocket_site;575.00;10.00;1986.00;1.75;0
36;nuclear_reactor;577.00;10.13;1973.00;3.30;0
37;arms_factory;621.00;10.05;1927.00;4.28;0
37;arms_factory;610.00;9.95;1900.00;2.12;0
37;arms_factory;614.00;10.07;1930.00;4.79;0
37;arms_factory;609.00;10.03;1903.00;1.17;0
37;arms_factory;616.00;9.90;1916.00;4.18;0
37;arms_factory;618.00;9.90;1905.00;0.57;0
37;industrial_complex;614.00;9.90;1920.00;4.69;0
37;industrial_complex;618.00;9.90;1914.00;5.90;0
37;industrial_complex;625.00;9.98;1922.00;2.63;0
37;industrial_complex;612.00;9.93;1931.00;5.30;0
37;industrial_complex;618.00;10.10;1927.00;1.68;0
37;industrial_complex;624.00;9.93;1918.00;4.34;0
37;air_base;610.00;9.90;1930.00;1.07;0
37;naval_base;630.00;9.65;1915.00;1.11;16710
37;naval_base;621.00;9.90;1931.00;-3.70;16710
37;naval_base;627.00;9.90;1907.00;-4.42;16710
37;bunker;624.00;9.93;1919.00;4.35;0
37;bunker;613.00;9.90;1903.00;2.19;0
37;bunker;628.00;9.90;1919.00;4.85;0
37;coastal_bunker;625.00;9.90;1928.00;-3.70;0
37;coastal_bunker;628.00;9.90;1926.00;1.11;0
37;coastal_bunker;629.00;9.90;1904.00;-4.42;0
37;dockyard;625.00;9.90;1908.00;-4.42;0
37;anti_air_building;617.00;9.90;1899.00;4.86;0
37;anti_air_building;626.00;9.90;1915.00;1.24;0
37;anti_air_building;612.00;9.93;1905.00;5.37;0
37;synthetic_refinery;620.00;9.90;1915.00;1.75;0
37;fuel_silo;616.00;9.90;1908.00;3.30;0
37;radar_station;620.00;9.90;1916.00;0.30;0
37;rocket_site;618.00;9.90;1918.00;2.35;0
37;nuclear_reactor;609.00;9.90;1925.00;0.19;0
38;arms_factory;543.00;9.93;1978.00;4.79;0
38;arms_factory;545.00;9.93;1979.00;1.17;0
38;arms_factory;550.00;10.73;1979.00;4.18;0
38;arms_factory;551.00;10.82;1979.00;0.57;0
38;arms_factory;546.00;9.90;1980.00;4.69;0
38;arms_factory;532.00;10.65;1967.00;5.90;0
38;industrial_complex;541.00;9.90;1981.00;2.63;0
38;industrial_complex;547.00;9.93;1981.00;5.30;0
38;industrial_complex;534.00;11.28;1968.00;1.68;0
38;industrial_complex;545.00;9.93;1982.00;4.34;0
38;industrial_complex;527.00;10.07;1969.00;1.07;0
38;industrial_complex;533.00;10.45;1969.00;2.29;0
38;air_base;550.00;10.23;1983.00;0.13;0
38;naval_base;533.00;9.50;1980.00;-2.03;15474
38;bunker;531.00;10.25;1970.00;4.35;0
38;bunker;546.00;9.93;1981.00;2.19;0
38;coastal_bunker;524.00;9.50;1964.00;-2.03;0
38;dockyard;526.00;9.98;1970.00;-2.03;0
38;anti_air_building;532.00;10.13;1971.00;2.80;0
38;anti_air_building;538.00;11.20;1971.00;0.63;0
38;anti_air_building;536.00;9.90;1977.00;3.30;0
38;synthetic_refinery;533.00;10.25;1972.00;4.86;0
38;fuel_silo;535.00;9.90;1978.00;1.24;0
38;radar_station;539.00;10.30;1975.00;4.41;0
38;rocket_site;534.00;10.23;1973.00;1.75;0
38;nuclear_reactor;541.00;9.93;1979.00;3.30;0
39;arms_factory;2094.00;9.90;1445.00;4.18;0
39;arms_factory;2057.00;17.45;1491.00;0.57;0
39;arms_factory;2114.00;10.00;1460.00;4.69;0
39;arms_factory;2074.00;9.90;1456.00;5.90;0
39;arms_factory;2114.00;10.13;1457.00;2.63;0
39;arms_factory;2062.00;17.55;1484.00;5.30;0
39;industrial_complex;2088.00;11.90;1479.00;1.68;0
39;industrial_complex;2012.00;10.85;1503.00;4.34;0
39;industrial_complex;2052.00;11.07;1477.00;1.07;0
39;industrial_complex;2102.00;10.65;1463.00;2.29;0
39;industrial_complex;2079.00;10.20;1461.00;0.13;0
39;industrial_complex;2100.00;10.75;1459.00;4.25;0
39;air_base;2058.00;11.32;1472.00;4.35;0
39;bunker;2069.00;11.50;1468.00;2.19;0
39;bunker;2071.00;12.78;1488.00;4.85;0
39;bunker;2087.00;10.50;1484.00;0.13;0
39;bunker;2088.00;9.90;1445.00;2.80;0
39;bunker;2124.00;9.90;1461.00;0.63;0
39;bunker;2048.00;11.28;1480.00;3.30;0
39;bunker;2084.00;11.15;1462.00;4.86;0
39;bunker;2013.00;13.65;1507.00;1.24;0
39;bunker;2081.00;13.15;1477.00;5.37;0
39;bunker;2093.00;11.57;1461.00;1.75;0
39;bunker;2106.00;10.10;1447.00;3.30;0
39;bunker;2024.00;10.78;1485.00;1.14;0
39;bunker;2060.00;11.18;1474.00;2.35;0
39;bunker;2094.00;10.82;1476.00;0.19;0
39;bunker;2066.00;12.45;1493.00;1.75;0
39;bunker;2083.00;12.28;1468.00;4.42;0
39;bunker;2069.00;10.55;1501.00;0.80;0
39;anti_air_building;2119.00;9.90;1457.00;3.81;0
39;anti_air_building;2066.00;15.78;1484.00;5.02;0
39;anti_air_building;2076.00;10.73;1492.00;2.86;0
39;synthetic_refinery;2017.00;13.03;1503.00;0.70;0
39;fuel_silo;2104.00;10.20;1452.00;0.80;0
39;radar_station;2068.00;14.35;1474.00;4.60;0
39;rocket_site;2084.00;11.38;1461.00;1.31;0
39;nuclear_reactor;2010.00;10.40;1499.00;5.43;0
40;arms_factory;2028.00;12.40;1539.00;4.69;0
40;arms_factory;2024.00;9.93;1553.00;5.90;0
40;arms_factory;2015.00;17.50;1519.00;2.63;0
40;arms_factory;2026.00;13.10;1538.00;5.30;0
40;arms_factory;2028.00;10.82;1550.00;1.68;0
40;arms_factory;2014.00;17.23;1518.00;4.34;0
40;industrial_complex;2001.00;15.50;1531.00;1.07;0
40;industrial_complex;2031.00;9.95;1548.00;2.29;0
40;industrial_complex;2013.00;16.73;1517.00;0.13;0
40;industrial_complex;1999.00;15.85;1530.00;4.25;0
40;industrial_complex;2026.00;11.10;1547.00;4.35;0
40;industrial_complex;2030.00;11.43;1541.00;2.19;0
40;air_base;1994.00;17.23;1529.00;4.85;0
40;bunker;2023.00;11.57;1546.00;0.13;0
40;bunker;2013.00;14.93;1526.00;2.80;0
40;bunker;2010.00;10.90;1555.00;0.63;0
40;bunker;2007.00;14.38;1532.00;3.30;0
40;bunker;2008.00;16.02;1515.00;4.86;0
40;bunker;2023.00;9.98;1553.00;1.24;0
40;anti_air_building;1989.00;15.40;1538.00;5.37;0
40;anti_air_building;2025.00;13.05;1538.00;1.75;0
40;anti_air_building;2027.00;10.88;1550.00;3.30;0
40;synthetic_refinery;1990.00;13.88;1537.00;1.14;0
40;fuel_silo;2015.00;11.95;1545.00;2.35;0
40;radar_station;2015.00;11.78;1539.00;5.82;0
40;rocket_site;1990.00;13.82;1536.00;1.75;0
40;nuclear_reactor;2015.00;12.85;1544.00;4.42;0
41;arms_factory;1748.00;9.90;1643.00;2.63;0
41;arms_factory;1760.00;9.90;1624.00;5.30;0
41;arms_factory;1740.00;9.90;1641.00;1.68;0
41;arms_factory;1774.00;9.90;1627.00;4.34;0
41;arms_factory;1783.00;10.30;1604.00;1.07;0
41;arms_factory;1794.00;10.73;1609.00;2.29;0
41;industrial_complex;1759.00;10.10;1603.00;0.13;0
41;industrial_complex;1745.00;9.90;1624.00;4.25;0
41;industrial_complex;1750.00;10.28;1619.00;4.35;0
41;industrial_complex;1759.00;9.90;1626.00;2.19;0
41;industrial_complex;1729.00;9.90;1648.00;4.85;0
41;industrial_complex;1762.00;10.32;1614.00;0.13;0
41;air_base;1736.00;10.70;1613.00;2.80;0
41;naval_base;1770.00;9.50;1593.00;-0.64;15997
41;naval_base;1696.00;10.00;1632.00;-2.08;16412
41;naval_base;1720.00;9.90;1636.00;-2.03;16412
41;naval_base;1725.00;9.50;1656.00;-2.71;15602
41;naval_base;1757.00;9.50;1601.00;-0.20;16846
41;naval_base;1732.00;9.80;1615.00;0.00;16846
41;naval_base;1778.00;9.70;1588.00;-0.64;15997
41;naval_base;1735.00;10.15;1613.00;-0.32;16846
41;bunker;1744.00;9.90;1630.00;2.35;0
41;bunker;1799.00;10.88;1602.00;0.19;0
41;bunker;1751.00;10.80;1609.00;1.75;0
41;bunker;1771.00;9.90;1638.00;4.42;0
41;bunker;1734.00;9.90;1628.00;0.80;0
41;bunker;1771.00;10.45;1606.00;3.81;0
41;bunker;1790.00;10.32;1613.00;5.02;0
41;bunker;1716.00;9.90;1632.00;2.86;0
41;bunker;1733.00;9.90;1657.00;0.70;0
41;bunker;1777.00;11.05;1597.00;0.80;0
41;bunker;1750.00;9.90;1623.00;4.93;0
41;bunker;1743.00;9.90;1637.00;1.31;0
41;bunker;1787.00;11.63;1585.00;5.43;0
41;bunker;1786.00;10.00;1625.00;5.54;0
41;bunker;1724.00;10.50;1625.00;3.37;0
41;bunker;1739.00;10.23;1618.00;6.04;0
41;coastal_bunker;1698.00;9.90;1640.00;-2.08;0
41;coastal_bunker;1722.00;9.50;1644.00;-1.39;0
41;coastal_bunker;1745.00;9.50;1603.00;-0.20;0
41;coastal_bunker;1782.00;9.50;1584.00;-0.64;0
41;coastal_bunker;1765.00;9.50;1596.00;-0.64;0
41;coastal_bunker;1733.00;9.50;1614.00;-0.32;0
41;coastal_bunker;1730.00;9.93;1613.00;0.00;0
41;coastal_bunker;1722.00;9.90;1636.00;-2.03;0
41;dockyard;1754.00;9.50;1602.00;-0.20;0
41;anti_air_building;1739.00;9.90;1629.00;0.87;0
41;anti_air_building;1729.00;10.13;1626.00;3.54;0
41;anti_air_building;1776.00;9.90;1629.00;1.38;0
41;synthetic_refinery;1726.00;9.90;1653.00;2.93;0
41;fuel_silo;1777.00;10.10;1616.00;5.60;0
41;radar_station;1753.00;9.95;1621.00;1.74;0
41;rocket_site;1797.00;10.10;1624.00;6.11;0
41;nuclear_reactor;1719.00;9.95;1630.00;1.38;0
42;arms_factory;1809.00;14.28;1585.00;1.68;0
42;arms_factory;1818.00;10.40;1620.00;4.34;0
42;arms_factory;1809.00;10.53;1611.00;1.07;0
42;arms_factory;1835.00;10.75;1611.00;2.29;0
42;arms_factory;1837.00;16.08;1569.00;0.13;0
42;arms_factory;1820.00;10.53;1616.00;4.25;0
42;industrial_complex;1807.00;12.03;1599.00;4.35;0
42;industrial_complex;1829.00;16.30;1579.00;2.19;0
42;industrial_complex;1833.00;14.75;1567.00;4.85;0
42;industrial_complex;1811.00;11.90;1599.00;0.13;0
42;industrial_complex;1829.00;10.48;1630.00;2.80;0
42;industrial_complex;1809.00;10.20;1628.00;0.63;0
42;air_base;1792.00;11.10;1582.00;3.30;0
42;naval_base;1795.00;9.50;1573.00;-0.79;15997
42;naval_base;1808.00;10.48;1566.00;-0.79;15207
42;naval_base;1801.00;9.50;1568.00;-1.11;15997
42;bunker;1819.00;12.57;1591.00;1.75;0
42;bunker;1817.00;13.48;1569.00;3.30;0
42;bunker;1805.00;13.10;1587.00;1.14;0
42;bunker;1816.00;15.98;1577.00;2.35;0
42;bunker;1801.00;13.23;1580.00;0.19;0
42;bunker;1829.00;10.48;1631.00;1.75;0
42;bunker;1820.00;10.40;1623.00;4.42;0
42;bunker;1815.00;14.03;1589.00;0.80;0
42;bunker;1827.00;11.90;1590.00;3.81;0
42;bunker;1848.00;10.68;1614.00;5.02;0
42;coastal_bunker;1810.00;10.32;1565.00;-0.79;0
42;coastal_bunker;1789.00;9.70;1579.00;-0.79;0
42;coastal_bunker;1802.00;9.50;1567.00;-0.90;0
42;dockyard;1821.00;9.65;1558.00;-0.79;0
42;anti_air_building;1821.00;11.23;1599.00;1.31;0
42;anti_air_building;1831.00;10.53;1626.00;5.43;0
42;anti_air_building;1823.00;14.53;1565.00;5.54;0
42;synthetic_refinery;1805.00;14.80;1585.00;3.37;0
42;fuel_silo;1820.00;12.15;1594.00;6.04;0
42;radar_station;1820.00;11.57;1597.00;2.66;0
42;rocket_site;1830.00;10.80;1611.00;3.98;0
42;nuclear_reactor;1803.00;13.55;1582.00;1.82;0
43;arms_factory;1874.00;11.78;1541.00;1.07;0
43;arms_factory;1853.00;10.32;1549.00;2.29;0
43;arms_factory;1896.00;11.05;1529.00;0.13;0
43;arms_factory;1865.00;10.15;1530.00;4.25;0
43;arms_factory;1861.00;12.70;1547.00;4.35;0
43;arms_factory;1894.00;15.23;1511.00;2.19;0
43;industrial_complex;1831.00;11.65;1561.00;4.85;0
43;industrial_complex;1892.00;16.38;1554.00;0.13;0
43;industrial_complex;1851.00;10.18;1548.00;2.80;0
43;industrial_complex;1887.00;10.10;1527.00;0.63;0
43;industrial_complex;1865.00;9.90;1527.00;3.30;0
43;industrial_complex;1864.00;13.95;1546.00;4.86;0
43;air_base;1847.00;13.07;1557.00;1.24;0
43;naval_base;1859.00;9.50;1527.00;-0.75;16266
43;naval_base;1846.00;9.50;1545.00;-0.73;15207
43;naval_base;1843.00;9.65;1546.00;-0.38;15207
43;naval_base;1865.00;9.50;1517.00;-1.74;16266
43;naval_base;1855.00;9.50;1537.00;-1.25;15207
43;bunker;1856.00;9.93;1542.00;0.19;0
43;bunker;1883.00;10.90;1517.00;1.75;0
43;bunker;1839.00;15.63;1563.00;4.42;0
43;bunker;1885.00;16.48;1556.00;0.80;0
43;bunker;1883.00;14.75;1511.00;3.81;0
43;bunker;1855.00;12.23;1556.00;5.02;0
43;coastal_bunker;1841.00;9.65;1547.00;-0.38;0
43;coastal_bunker;1850.00;9.50;1543.00;-1.25;0
43;coastal_bunker;1865.00;9.50;1517.00;-1.74;0
43;coastal_bunker;1860.00;9.50;1525.00;-0.75;0
43;coastal_bunker;1846.00;9.50;1545.00;-0.73;0
43;dockyard;1850.00;9.50;1543.00;-1.25;0
43;anti_air_building;1885.00;9.90;1523.00;5.54;0
43;anti_air_building;1876.00;10.60;1536.00;3.37;0
43;anti_air_building;1879.00;13.48;1555.00;6.04;0
43;synthetic_refinery;1911.00;11.73;1516.00;2.42;0
43;fuel_silo;1870.00;9.90;1526.00;3.98;0
43;radar_station;1875.00;10.48;1537.00;0.79;0
43;rocket_site;1856.00;12.60;1556.00;4.49;0
43;nuclear_reactor;1891.00;10.00;1521.00;6.04;0
44;arms_factory;1957.00;14.00;1532.00;0.13;0
44;arms_factory;1935.00;14.18;1510.00;4.25;0
44;arms_factory;1934.00;12.32;1515.00;4.35;0
44;arms_factory;1955.00;14.48;1535.00;2.19;0
44;arms_factory;1947.00;16.25;1541.00;4.85;0
44;arms_factory;1965.00;14.38;1477.00;0.13;0
44;industrial_complex;1958.00;13.30;1520.00;2.80;0
44;industrial_complex;1964.00;14.65;1526.00;0.63;0
44;industrial_complex;1969.00;12.53;1482.00;3.30;0
44;industrial_complex;1979.00;10.53;1487.00;4.86;0
44;industrial_complex;1940.00;15.65;1530.00;1.24;0
44;industrial_complex;1945.00;16.10;1535.00;5.37;0
44;air_base;1943.00;13.85;1501.00;1.75;0
44;bunker;1956.00;11.53;1513.00;3.30;0
44;bunker;1992.00;16.05;1519.00;1.14;0
44;bunker;1995.00;11.13;1492.00;2.35;0
44;bunker;1939.00;14.30;1507.00;0.19;0
44;bunker;1985.00;11.53;1507.00;1.75;0
44;bunker;1968.00;12.75;1485.00;4.42;0
44;bunker;1985.00;10.80;1489.00;0.80;0
44;bunker;1934.00;12.10;1523.00;3.81;0
44;bunker;1962.00;11.23;1505.00;5.02;0
44;bunker;1991.00;10.48;1510.00;2.86;0
44;bunker;1957.00;11.53;1501.00;0.70;0
44;bunker;1973.00;11.23;1516.00;0.80;0
44;bunker;1946.00;12.78;1494.00;4.93;0
44;bunker;1990.00;10.70;1480.00;1.31;0
44;anti_air_building;1943.00;13.65;1493.00;5.43;0
44;anti_air_building;1978.00;11.35;1518.00;5.54;0
44;anti_air_building;1980.00;17.05;1527.00;3.37;0
44;synthetic_refinery;1934.00;15.20;1498.00;6.04;0
44;fuel_silo;1935.00;14.60;1529.00;2.42;0
44;radar_station;1961.00;11.88;1507.00;5.59;0
44;rocket_site;1983.00;16.73;1528.00;1.82;0
44;nuclear_reactor;1955.00;12.57;1503.00;4.49;0
45;arms_factory;2049.00;10.28;1523.00;4.35;0
45;arms_factory;2059.00;11.73;1502.00;2.19;0
45;arms_factory;2037.00;11.70;1532.00;4.85;0
45;arms_factory;2049.00;13.03;1512.00;0.13;0
45;arms_factory;2034.00;14.70;1517.00;2.80;0
45;arms_factory;2032.00;14.45;1520.00;0.63;0
45;industrial_complex;2044.00;10.75;1525.00;3.30;0
45;industrial_complex;2025.00;16.05;1505.00;4.86;0
45;industrial_complex;2041.00;10.48;1533.00;1.24;0
45;industrial_complex;2040.00;15.20;1514.00;5.37;0
45;industrial_complex;2039.00;13.40;1525.00;1.75;0
45;industrial_complex;2031.00;15.20;1522.00;3.30;0
45;air_base;2048.00;15.32;1503.00;1.14;0
45;bunker;2037.00;14.98;1501.00;2.35;0
45;bunker;2054.00;11.85;1511.00;0.19;0
45;bunker;2038.00;11.93;1530.00;1.75;0
45;bunker;2021.00;16.45;1520.00;4.42;0
45;bunker;2044.00;10.53;1530.00;0.80;0
45;anti_air_building;2047.00;15.50;1504.00;3.81;0
45;anti_air_building;2053.00;12.75;1503.00;5.02;0
45;anti_air_building;2032.00;17.58;1498.00;2.86;0
45;synthetic_refinery;2049.00;14.75;1494.00;0.70;0
45;fuel_silo;2024.00;16.35;1518.00;0.80;0
45;radar_station;2043.00;16.35;1512.00;4.60;0
45;rocket_site;2064.00;10.32;1507.00;1.31;0
45;nuclear_reactor;2025.00;16.55;1506.00;5.43;0
46;arms_factory;1994.00;9.90;1588.00;4.85;0
46;arms_factory;1977.00;9.90;1592.00;0.13;0
46;arms_factory;1986.00;14.95;1547.00;2.80;0
46;arms_factory;1987.00;11.40;1554.00;0.63;0
46;arms_factory;1971.00;9.90;1592.00;3.30;0
46;arms_factory;1996.00;9.90;1596.00;4.86;0
46;industrial_complex;1996.00;9.90;1582.00;1.24;0
46;industrial_complex;1965.00;17.50;1540.00;5.37;0
46;industrial_complex;1984.00;9.90;1575.00;1.75;0
46;industrial_complex;1953.00;9.90;1607.00;3.30;0
46;industrial_complex;2011.00;9.90;1565.00;1.14;0
46;industrial_complex;1986.00;9.90;1618.00;2.35;0
46;air_base;1986.00;9.90;1609.00;0.19;0
46;bunker;1980.00;9.90;1614.00;1.75;0
46;bunker;1968.00;10.00;1589.00;4.42;0
46;bunker;1983.00;11.85;1554.00;0.80;0
46;bunker;1993.00;9.90;1578.00;3.81;0
46;bunker;1982.00;17.55;1535.00;5.02;0
46;bunker;2001.00;9.90;1590.00;2.86;0
46;bunker;1998.00;10.18;1562.00;0.70;0
46;bunker;2010.00;9.90;1570.00;0.80;0
46;anti_air_building;1984.00;9.90;1599.00;4.93;0
46;anti_air_building;1990.00;9.90;1607.00;1.31;0
46;anti_air_building;1972.00;9.90;1596.00;5.43;0
46;synthetic_refinery;1992.00;9.90;1579.00;5.54;0
46;fuel_silo;1971.00;16.50;1537.00;3.37;0
46;radar_station;1989.00;9.90;1579.00;4.90;0
46;rocket_site;1962.00;9.90;1604.00;2.42;0
46;nuclear_reactor;1963.00;9.90;1610.00;3.98;0
47;arms_factory;1754.00;9.90;1685.00;2.80;0
47;arms_factory;1768.00;9.90;1659.00;0.63;0
47;arms_factory;1789.00;10.07;1640.00;3.30;0
47;arms_factory;1809.00;10.18;1642.00;4.86;0
47;arms_factory;1802.00;10.10;1657.00;1.24;0
47;arms_factory;1785.00;10.00;1655.00;5.37;0
47;industrial_complex;1736.00;9.90;1678.00;1.75;0
47;industrial_complex;1787.00;10.00;1667.00;3.30;0
47;industrial_complex;1746.00;9.90;1690.00;1.14;0
47;industrial_complex;1770.00;9.90;1704.00;2.35;0
47;industrial_complex;1790.00;10.10;1630.00;0.19;0
47;industrial_complex;1785.00;10.00;1683.00;1.75;0
47;air_base;1827.00;10.05;1671.00;4.42;0
47;naval_base;1732.00;9.90;1685.00;-1.89;15602
47;naval_base;1738.00;9.65;1669.00;-2.64;15602
47;naval_base;1746.00;9.65;1695.00;-2.36;15602
47;naval_base;1732.00;9.65;1661.00;-2.19;15602
47;bunker;1778.00;9.98;1695.00;0.70;0
47;bunker;1805.00;10.10;1636.00;0.80;0
47;bunker;1759.00;9.93;1694.00;4.93;0
47;bunker;1766.00;9.90;1647.00;1.31;0
47;bunker;1787.00;10.03;1696.00;5.43;0
47;bunker;1784.00;10.00;1678.00;5.54;0
47;bunker;1800.00;10.10;1677.00;3.37;0
47;bunker;1747.00;9.90;1666.00;6.04;0
47;bunker;1823.00;9.93;1663.00;2.42;0
47;bunker;1784.00;10.00;1644.00;3.98;0
47;bunker;1798.00;10.10;1656.00;1.82;0
47;bunker;1740.00;9.90;1675.00;4.49;0
47;bunker;1775.00;9.93;1645.00;6.04;0
47;bunker;1810.00;10.10;1669.00;3.88;0
47;bunker;1754.00;9.90;1673.00;5.09;0
47;bunker;1733.00;9.90;1683.00;2.93;0
47;bunker;1777.00;9.93;1677.00;4.49;0
47;coastal_bunker;1742.00;9.90;1692.00;-2.64;0
47;coastal_bunker;1732.00;9.50;1665.00;-2.19;0
47;coastal_bunker;1743.00;9.65;1693.00;-2.36;0
47;coastal_bunker;1732.00;9.50;1673.00;-1.89;0
47;dockyard;1750.00;9.65;1697.00;-2.36;0
47;anti_air_building;1772.00;9.90;1649.00;3.44;0
47;anti_air_building;1781.00;9.93;1685.00;6.11;0
47;anti_air_building;1755.00;9.90;1680.00;1.38;0
47;synthetic_refinery;1740.00;9.90;1679.00;4.05;0
47;fuel_silo;1757.00;9.90;1644.00;1.88;0
47;radar_station;1776.00;9.95;1666.00;3.15;0
47;rocket_site;1820.00;10.10;1659.00;6.11;0
47;nuclear_reactor;1754.00;9.90;1658.00;2.49;0
48;arms_factory;1899.00;13.68;1545.00;3.30;0
48;arms_factory;1890.00;11.88;1540.00;4.86;0
48;arms_factory;1914.00;10.95;1570.00;1.24;0
48;arms_factory;1909.00;12.13;1563.00;5.37;0
48;arms_factory;1910.00;14.70;1541.00;1.75;0
48;arms_factory;1909.00;14.40;1533.00;3.30;0
48;industrial_complex;1905.00;15.43;1544.00;1.14;0
48;industrial_complex;1903.00;13.50;1539.00;2.35;0
48;industrial_complex;1911.00;11.68;1568.00;0.19;0
48;industrial_complex;1912.00;12.55;1561.00;1.75;0
48;industrial_complex;1912.00;14.13;1540.00;4.42;0
48;industrial_complex;1909.00;13.05;1532.00;0.80;0
48;air_base;1907.00;14.55;1542.00;3.81;0
48;bunker;1902.00;13.13;1538.00;5.02;0
48;bunker;1908.00;13.85;1535.00;2.86;0
48;bunker;1914.00;11.28;1567.00;0.70;0
48;anti_air_building;1918.00;15.03;1538.00;0.80;0
48;anti_air_building;1890.00;13.80;1545.00;4.93;0
48;anti_air_building;1889.00;14.30;1542.00;1.31;0
48;synthetic_refinery;1902.00;12.53;1537.00;5.43;0
48;fuel_silo;1906.00;13.07;1563.00;5.54;0
48;radar_station;1905.00;16.13;1551.00;3.42;0
48;rocket_site;1914.00;13.68;1535.00;6.04;0
48;nuclear_reactor;1902.00;16.58;1544.00;2.42;0
49;arms_factory;1944.00;10.10;1578.00;1.24;0
49;arms_factory;1920.00;12.03;1558.00;5.37;0
49;arms_factory;1954.00;11.32;1560.00;1.75;0
49;arms_factory;1932.00;10.60;1572.00;3.30;0
49;arms_factory;1935.00;10.93;1559.00;1.14;0
49;arms_factory;1951.00;12.25;1557.00;2.35;0
49;industrial_complex;1935.00;17.77;1543.00;0.19;0
49;industrial_complex;1954.00;10.10;1578.00;1.75;0
49;industrial_complex;1944.00;10.15;1577.00;4.42;0
49;industrial_complex;1939.00;10.20;1584.00;0.80;0
49;industrial_complex;1919.00;12.45;1556.00;3.81;0
49;industrial_complex;1932.00;10.68;1571.00;5.02;0
49;air_base;1977.00;10.32;1568.00;2.86;0
49;bunker;1945.00;10.10;1597.00;0.70;0
49;bunker;1937.00;18.55;1542.00;0.80;0
49;bunker;1918.00;10.45;1574.00;4.93;0
49;bunker;1971.00;10.00;1573.00;1.31;0
49;bunker;1947.00;12.10;1551.00;5.43;0
49;bunker;1968.00;10.68;1556.00;5.54;0
49;bunker;1935.00;11.13;1569.00;3.37;0
49;anti_air_building;1924.00;10.50;1569.00;6.04;0
49;anti_air_building;1976.00;10.15;1567.00;2.42;0
49;anti_air_building;1951.00;14.45;1546.00;3.98;0
49;synthetic_refinery;1923.00;16.33;1540.00;1.82;0
49;fuel_silo;1919.00;10.40;1578.00;4.49;0
49;radar_station;1946.00;11.28;1567.00;0.03;0
49;rocket_site;1934.00;10.20;1582.00;3.88;0
49;nuclear_reactor;1936.00;14.82;1547.00;5.09;0
50;arms_factory;1858.00;11.43;1594.00;1.75;0
50;arms_factory;1859.00;11.53;1594.00;3.30;0
50;arms_factory;1853.00;16.73;1562.00;1.14;0
50;arms_factory;1854.00;16.33;1562.00;2.35;0
50;arms_factory;1839.00;11.93;1595.00;0.19;0
50;arms_factory;1857.00;12.18;1583.00;1.75;0
50;industrial_complex;1859.00;13.20;1583.00;4.42;0
50;industrial_complex;1863.00;11.05;1622.00;0.80;0
50;industrial_complex;1864.00;11.00;1622.00;3.81;0
50;industrial_complex;1864.00;10.98;1611.00;5.02;0
50;industrial_complex;1865.00;11.45;1605.00;2.86;0
50;industrial_complex;1866.00;11.23;1605.00;0.70;0
50;air_base;1856.00;13.57;1574.00;0.80;0
50;bunker;1864.00;11.50;1596.00;4.93;0
50;bunker;1862.00;11.43;1604.00;1.31;0
50;bunker;1867.00;14.35;1577.00;5.43;0
50;bunker;1869.00;10.88;1609.00;5.54;0
50;bunker;1842.00;13.00;1589.00;3.37;0
50;bunker;1853.00;10.70;1612.00;6.04;0
50;anti_air_building;1848.00;11.30;1625.00;2.42;0
50;anti_air_building;1876.00;11.23;1613.00;3.98;0
50;anti_air_building;1862.00;11.05;1614.00;1.82;0
50;synthetic_refinery;1856.00;11.07;1608.00;4.49;0
50;fuel_silo;1857.00;11.20;1608.00;6.04;0
50;radar_station;1856.00;11.78;1596.00;2.96;0
50;rocket_site;1870.00;16.77;1565.00;5.09;0
50;nuclear_reactor;1871.00;16.55;1565.00;2.93;0
51;arms_factory;1911.00;10.25;1619.00;1.14;0
51;arms_factory;1923.00;10.40;1591.00;2.35;0
51;arms_factory;1917.00;10.23;1604.00;0.19;0
51;arms_factory;1932.00;10.20;1593.00;1.75;0
51;arms_factory;1933.00;10.20;1602.00;4.42;0
51;arms_factory;1931.00;10.13;1615.00;0.80;0
51;industrial_complex;1932.00;10.07;1632.00;3.81;0
51;industrial_complex;1936.00;10.00;1612.00;5.02;0
51;industrial_complex;1953.00;9.90;1617.00;2.86;0
51;industrial_complex;1938.00;9.90;1635.00;0.70;0
51;industrial_complex;1928.00;10.30;1630.00;0.80;0
51;industrial_complex;1915.00;10.15;1617.00;4.93;0
51;air_base;1903.00;10.20;1639.00;1.31;0
51;bunker;1943.00;9.90;1633.00;5.43;0
51;bunker;1917.00;10.05;1640.00;5.54;0
51;bunker;1923.00;10.13;1625.00;3.37;0
51;bunker;1933.00;10.07;1612.00;6.04;0
51;bunker;1936.00;10.20;1597.00;2.42;0
51;anti_air_building;1924.00;10.32;1590.00;3.98;0
51;anti_air_building;1916.00;10.30;1601.00;1.82;0
51;anti_air_building;1945.00;9.90;1612.00;4.49;0
51;synthetic_refinery;1935.00;10.03;1626.00;6.04;0
51;fuel_silo;1940.00;10.00;1609.00;3.88;0
51;radar_station;1927.00;10.10;1619.00;0.72;0
51;rocket_site;1949.00;9.90;1630.00;2.93;0
51;nuclear_reactor;1929.00;10.20;1625.00;4.49;0
52;arms_factory;1990.00;9.90;1659.00;0.19;0
52;arms_factory;1939.00;9.90;1663.00;1.75;0
52;arms_factory;1997.00;9.90;1638.00;4.42;0
52;arms_factory;1918.00;10.28;1651.00;0.80;0
52;arms_factory;1930.00;9.90;1672.00;3.81;0
52;arms_factory;1994.00;9.90;1666.00;5.02;0
52;industrial_complex;1982.00;9.90;1639.00;2.86;0
52;industrial_complex;1987.00;9.90;1663.00;0.70;0
52;industrial_complex;1942.00;9.90;1665.00;0.80;0
52;industrial_complex;1971.00;9.90;1645.00;4.93;0
52;industrial_complex;1943.00;9.90;1652.00;1.31;0
52;industrial_complex;1990.00;9.90;1653.00;5.43;0
52;air_base;1957.00;9.90;1675.00;5.54;0
52;bunker;1973.00;9.90;1641.00;3.37;0
52;bunker;1955.00;9.90;1642.00;6.04;0
52;bunker;1958.00;9.90;1709.00;2.42;0
52;bunker;1918.00;9.95;1647.00;3.98;0
52;bunker;1980.00;9.90;1673.00;1.82;0
52;bunker;1996.00;9.90;1624.00;4.49;0
52;bunker;2018.00;9.90;1674.00;6.04;0
52;anti_air_building;1992.00;9.90;1642.00;3.88;0
52;anti_air_building;2024.00;9.90;1659.00;5.09;0
52;anti_air_building;1977.00;9.90;1625.00;2.93;0
52;synthetic_refinery;1966.00;9.90;1671.00;4.49;0
52;fuel_silo;2020.00;9.90;1667.00;0.87;0
52;radar_station;1984.00;9.90;1668.00;4.37;0
52;rocket_site;1938.00;9.90;1643.00;1.38;0
52;nuclear_reactor;1947.00;9.90;1646.00;2.93;0
53;arms_factory;2022.00;12.63;1458.00;4.42;0
53;arms_factory;1986.00;13.60;1423.00;0.80;0
53;arms_factory;2031.00;10.13;1461.00;3.81;0
53;arms_factory;2025.00;12.35;1445.00;5.02;0
53;arms_factory;1986.00;11.90;1416.00;2.86;0
53;arms_factory;2013.00;10.23;1479.00;0.70;0
53;industrial_complex;2032.00;10.38;1457.00;0.80;0
53;industrial_complex;1974.00;13.30;1469.00;4.93;0
53;industrial_complex;2014.00;10.90;1467.00;1.31;0
53;industrial_complex;2013.00;10.32;1474.00;5.43;0
53;industrial_complex;1974.00;14.57;1440.00;5.54;0
53;industrial_complex;1986.00;15.30;1463.00;3.37;0
53;air_base;1968.00;15.10;1452.00;6.04;0
53;bunker;2035.00;10.38;1449.00;2.42;0
53;bunker;1999.00;15.65;1432.00;3.98;0
53;bunker;1966.00;12.13;1432.00;1.82;0
53;bunker;1971.00;11.82;1432.00;4.49;0
53;bunker;2037.00;10.18;1450.00;6.04;0
53;bunker;2009.00;15.90;1456.00;3.88;0
53;bunker;2019.00;14.40;1426.00;5.09;0
53;bunker;2003.00;14.13;1464.00;2.93;0
53;bunker;2005.00;10.75;1472.00;4.49;0
53;bunker;1999.00;13.60;1421.00;0.87;0
53;bunker;2023.00;13.23;1446.00;3.54;0
53;bunker;1993.00;17.23;1445.00;1.38;0
53;bunker;2013.00;10.30;1484.00;2.93;0
53;bunker;2020.00;10.38;1473.00;5.60;0
53;bunker;1973.00;17.70;1450.00;3.44;0
53;bunker;2020.00;13.68;1446.00;6.11;0
53;bunker;1997.00;12.05;1412.00;1.38;0
53;bunker;1993.00;12.35;1394.00;4.05;0
53;bunker;1981.00;14.07;1470.00;1.88;0
53;bunker;1963.00;13.10;1448.00;1.99;0
53;anti_air_building;2016.00;17.48;1453.00;6.11;0
53;anti_air_building;2010.00;10.13;1478.00;2.49;0
53;anti_air_building;2031.00;10.48;1456.00;5.16;0
53;synthetic_refinery;2033.00;10.00;1463.00;0.43;0
53;fuel_silo;2013.00;11.25;1466.00;4.56;0
53;radar_station;1999.00;16.77;1445.00;1.21;0
53;rocket_site;1969.00;13.68;1421.00;3.60;0
53;nuclear_reactor;1981.00;13.80;1462.00;0.34;0
54;arms_factory;1913.00;9.98;1673.00;3.81;0
54;arms_factory;1839.00;10.10;1649.00;5.02;0
54;arms_factory;1843.00;10.07;1666.00;2.86;0
54;arms_factory;1878.00;9.90;1669.00;0.70;0
54;arms_factory;1831.00;10.40;1636.00;0.80;0
54;arms_factory;1852.00;10.40;1641.00;4.93;0
54;industrial_complex;1891.00;9.90;1665.00;1.31;0
54;industrial_complex;1910.00;10.13;1685.00;5.43;0
54;industrial_complex;1876.00;10.18;1650.00;5.54;0
54;industrial_complex;1905.00;9.93;1660.00;3.37;0
54;industrial_complex;1850.00;10.00;1665.00;6.04;0
54;industrial_complex;1846.00;10.20;1657.00;2.42;0
54;air_base;1872.00;10.10;1659.00;3.98;0
54;bunker;1914.00;10.03;1659.00;1.82;0
54;bunker;1854.00;10.63;1636.00;4.49;0
54;bunker;1852.00;10.00;1659.00;6.04;0
54;bunker;1821.00;10.18;1643.00;3.88;0
54;bunker;1870.00;10.40;1629.00;5.09;0
54;bunker;1832.00;9.98;1656.00;2.93;0
54;bunker;1871.00;10.10;1660.00;4.49;0
54;bunker;1873.00;10.10;1652.00;0.87;0
54;bunker;1871.00;9.90;1676.00;3.54;0
54;bunker;1897.00;10.03;1653.00;1.38;0
54;bunker;1841.00;10.60;1628.00;2.93;0
54;anti_air_building;1842.00;10.25;1640.00;5.60;0
54;anti_air_building;1895.00;10.25;1677.00;3.44;0
54;anti_air_building;1919.00;9.98;1676.00;6.11;0
54;synthetic_refinery;1899.00;10.25;1683.00;1.38;0
54;fuel_silo;1841.00;10.45;1638.00;4.05;0
54;radar_station;1873.00;10.10;1663.00;1.67;0
54;rocket_site;1849.00;9.90;1676.00;1.99;0
54;nuclear_reactor;1826.00;10.00;1656.00;6.11;0
55;arms_factory;1875.00;13.18;1585.00;2.86;0
55;arms_factory;1890.00;12.30;1579.00;0.70;0
55;arms_factory;1896.00;17.48;1559.00;0.80;0
55;arms_factory;1878.00;15.57;1572.00;4.93;0
55;arms_factory;1876.00;14.90;1579.00;1.31;0
55;arms_factory;1887.00;13.32;1578.00;5.43;0
55;industrial_complex;1896.00;16.60;1564.00;5.54;0
55;industrial_complex;1899.00;13.07;1570.00;3.37;0
55;industrial_complex;1881.00;13.95;1577.00;6.04;0
55;industrial_complex;1914.00;10.50;1584.00;2.42;0
55;industrial_complex;1889.00;18.33;1563.00;3.98;0
55;industrial_complex;1897.00;14.55;1568.00;1.82;0
55;air_base;1900.00;12.25;1574.00;4.49;0
55;bunker;1895.00;11.78;1580.00;6.04;0
55;bunker;1885.00;17.23;1560.00;3.88;0
55;bunker;1873.00;12.82;1586.00;5.09;0
55;anti_air_building;1872.00;13.53;1583.00;2.93;0
55;anti_air_building;1893.00;11.93;1579.00;4.49;0
55;anti_air_building;1878.00;19.27;1566.00;0.87;0
55;synthetic_refinery;1881.00;15.70;1572.00;3.54;0
55;fuel_silo;1878.00;15.35;1576.00;1.38;0
55;radar_station;1891.00;13.65;1569.00;3.61;0
55;rocket_site;1900.00;16.55;1564.00;5.60;0
55;nuclear_reactor;1906.00;12.45;1569.00;3.44;0
56;arms_factory;2054.00;9.90;1449.00;0.80;0
56;arms_factory;2099.00;9.90;1427.00;4.93;0
56;arms_factory;2054.00;10.30;1429.00;1.31;0
56;arms_factory;2061.00;9.90;1437.00;5.43;0
56;arms_factory;2073.00;9.90;1445.00;5.54;0
56;arms_factory;2087.00;9.90;1431.00;3.37;0
56;industrial_complex;2051.00;9.90;1447.00;6.04;0
56;industrial_complex;2074.00;14.23;1403.00;2.42;0
56;industrial_complex;2066.00;11.68;1414.00;3.98;0
56;industrial_complex;2047.00;10.20;1436.00;1.82;0
56;industrial_complex;2101.00;9.90;1420.00;4.49;0
56;industrial_complex;2086.00;9.90;1428.00;6.04;0
56;air_base;2088.00;9.90;1440.00;3.88;0
56;bunker;2050.00;11.38;1412.00;5.09;0
56;bunker;2092.00;9.90;1436.00;2.93;0
56;bunker;2055.00;10.13;1432.00;4.49;0
56;bunker;2045.00;9.90;1449.00;0.87;0
56;bunker;2061.00;9.90;1444.00;3.54;0
56;bunker;2081.00;9.90;1424.00;1.38;0
56;bunker;2098.00;9.90;1414.00;2.93;0
56;bunker;2071.00;10.93;1418.00;5.60;0
56;bunker;2097.00;9.90;1407.00;3.44;0
56;bunker;2042.00;9.90;1457.00;6.11;0
56;bunker;2104.00;9.90;1426.00;1.38;0
56;bunker;2070.00;9.90;1432.00;4.05;0
56;bunker;2083.00;11.85;1402.00;1.88;0
56;anti_air_building;2059.00;10.82;1417.00;1.99;0
56;anti_air_building;2098.00;9.90;1412.00;6.11;0
56;anti_air_building;2066.00;9.90;1438.00;2.49;0
56;synthetic_refinery;2081.00;9.98;1422.00;5.16;0
56;fuel_silo;2040.00;15.98;1399.00;0.43;0
56;radar_station;2073.00;9.90;1433.00;4.56;0
56;rocket_site;2054.00;9.90;1455.00;0.94;0
56;nuclear_reactor;2061.00;10.05;1427.00;3.60;0
57;arms_factory;1875.00;13.00;1470.00;1.31;0
57;arms_factory;1874.00;13.55;1469.00;5.43;0
57;arms_factory;1863.00;13.65;1488.00;5.54;0
57;arms_factory;1856.00;11.65;1488.00;3.37;0
57;arms_factory;1884.00;12.43;1502.00;6.04;0
57;arms_factory;1885.00;16.00;1497.00;2.42;0
57;industrial_complex;1877.00;13.45;1497.00;3.98;0
57;industrial_complex;1881.00;13.15;1486.00;1.82;0
57;industrial_complex;1882.00;14.15;1481.00;4.49;0
57;industrial_complex;1850.00;12.82;1480.00;6.04;0
57;industrial_complex;1842.00;11.65;1480.00;3.88;0
57;industrial_complex;1852.00;16.45;1474.00;5.09;0
57;air_base;1869.00;14.70;1471.00;2.93;0
57;naval_base;1863.00;9.50;1501.00;-1.82;16266
57;naval_base;1848.00;10.25;1486.00;-2.78;16266
57;naval_base;1862.00;11.15;1496.00;-2.32;16266
57;naval_base;1857.00;10.18;1492.00;-2.90;16266
57;bunker;1877.00;14.15;1473.00;2.93;0
57;bunker;1845.00;11.57;1482.00;5.60;0
57;bunker;1861.00;16.10;1482.00;3.44;0
57;bunker;1870.00;11.65;1504.00;6.11;0
57;coastal_bunker;1861.00;10.63;1496.00;-2.90;0
57;coastal_bunker;1843.00;9.90;1486.00;-2.78;0
57;coastal_bunker;1867.00;9.50;1510.00;-1.82;0
57;coastal_bunker;1862.00;10.00;1497.00;-2.32;0
57;dockyard;1867.00;9.80;1506.00;-1.82;0
57;anti_air_building;1855.00;14.20;1481.00;2.49;0
57;anti_air_building;1847.00;11.65;1481.00;5.16;0
57;anti_air_building;1839.00;10.55;1481.00;0.43;0
57;synthetic_refinery;1866.00;12.20;1473.00;4.56;0
57;fuel_silo;1859.00;16.88;1473.00;0.94;0
57;radar_station;1863.00;14.15;1487.00;2.69;0
57;rocket_site;1877.00;16.73;1493.00;0.34;0
57;nuclear_reactor;1870.00;12.78;1493.00;3.00;0
58;arms_factory;1900.00;10.48;1608.00;5.54;0
58;arms_factory;1889.00;10.53;1609.00;3.37;0
58;arms_factory;1886.00;10.60;1621.00;6.04;0
58;arms_factory;1880.00;10.88;1611.00;2.42;0
58;arms_factory;1899.00;10.65;1593.00;3.98;0
58;arms_factory;1910.00;10.20;1604.00;1.82;0
58;industrial_complex;1883.00;11.28;1594.00;4.49;0
58;industrial_complex;1895.00;10.40;1606.00;6.04;0
58;industrial_complex;1879.00;11.00;1607.00;3.88;0
58;industrial_complex;1898.00;11.20;1586.00;5.09;0
58;industrial_complex;1884.00;10.65;1608.00;2.93;0
58;industrial_complex;1903.00;10.55;1592.00;4.49;0
58;air_base;1888.00;10.57;1609.00;0.87;0
58;bunker;1880.00;11.35;1593.00;3.54;0
58;bunker;1886.00;10.57;1634.00;1.38;0
58;bunker;1905.00;10.35;1606.00;2.93;0
58;bunker;1885.00;10.68;1599.00;5.60;0
58;anti_air_building;1890.00;10.60;1605.00;3.44;0
58;anti_air_building;1904.00;10.82;1585.00;6.11;0
58;anti_air_building;1879.00;11.00;1607.00;1.38;0
58;synthetic_refinery;1884.00;11.50;1592.00;4.05;0
58;fuel_silo;1892.00;10.43;1625.00;1.88;0
58;radar_station;1893.00;10.45;1612.00;3.15;0
58;rocket_site;1894.00;10.40;1638.00;6.11;0
58;nuclear_reactor;1880.00;11.35;1593.00;2.49;0
59;arms_factory;2038.00;11.60;1420.00;6.04;0
59;arms_factory;2034.00;10.75;1407.00;2.42;0
59;arms_factory;2023.00;13.55;1391.00;3.98;0
59;arms_factory;2029.00;11.73;1422.00;1.82;0
59;arms_factory;2036.00;11.28;1418.00;4.49;0
59;arms_factory;2023.00;12.73;1416.00;6.04;0
59;industrial_complex;2027.00;15.25;1384.00;3.88;0
59;industrial_complex;2043.00;11.23;1427.00;5.09;0
59;industrial_complex;2031.00;11.30;1413.00;2.93;0
59;industrial_complex;2028.00;13.75;1394.00;4.49;0
59;industrial_complex;2033.00;11.13;1403.00;0.87;0
59;industrial_complex;2045.00;10.70;1421.00;3.54;0
59;air_base;2031.00;11.65;1404.00;1.38;0
59;bunker;2018.00;15.03;1408.00;2.93;0
59;bunker;2019.00;15.20;1389.00;5.60;0
59;bunker;2024.00;12.05;1422.00;3.44;0
59;bunker;2035.00;11.20;1417.00;6.11;0
59;anti_air_building;2039.00;11.03;1410.00;1.38;0
59;anti_air_building;2045.00;10.88;1425.00;4.05;0
59;anti_air_building;2028.00;12.57;1415.00;1.88;0
59;synthetic_refinery;2026.00;12.28;1412.00;1.99;0
59;fuel_silo;2024.00;12.90;1430.00;6.11;0
59;radar_station;2033.00;11.00;1409.00;2.39;0
59;rocket_site;2034.00;10.78;1408.00;5.16;0
59;nuclear_reactor;2031.00;14.75;1391.00;0.43;0
60;arms_factory;1955.00;14.38;1481.00;3.98;0
60;arms_factory;1925.00;16.02;1461.00;1.82;0
60;arms_factory;1934.00;14.88;1478.00;4.49;0
60;arms_factory;1905.00;15.10;1499.00;6.04;0
60;arms_factory;1920.00;15.80;1461.00;3.88;0
60;arms_factory;1930.00;15.35;1478.00;5.09;0
60;industrial_complex;1915.00;13.70;1498.00;2.93;0
60;industrial_complex;1916.00;14.90;1461.00;4.49;0
60;industrial_complex;1920.00;15.73;1455.00;0.87;0
60;industrial_complex;1911.00;15.35;1498.00;3.54;0
60;industrial_complex;1946.00;14.03;1481.00;1.38;0
60;industrial_complex;1924.00;16.08;1454.00;2.93;0
60;air_base;1907.00;14.88;1498.00;5.60;0
60;bunker;1942.00;14.95;1481.00;3.44;0
60;bunker;1910.00;13.50;1501.00;6.11;0
60;bunker;1953.00;16.18;1467.00;1.38;0
60;bunker;1965.00;14.70;1458.00;4.05;0
60;bunker;1938.00;13.15;1455.00;1.88;0
60;bunker;1918.00;15.95;1488.00;1.99;0
60;bunker;1926.00;15.28;1459.00;6.11;0
60;bunker;1932.00;15.50;1484.00;2.49;0
60;bunker;1923.00;16.13;1478.00;5.16;0
60;anti_air_building;1949.00;14.25;1480.00;0.43;0
60;anti_air_building;1946.00;14.32;1474.00;4.56;0
60;anti_air_building;1939.00;15.25;1476.00;0.94;0
60;synthetic_refinery;1907.00;16.08;1497.00;3.60;0
60;fuel_silo;1953.00;14.30;1473.00;0.34;0
60;radar_station;1932.00;15.13;1479.00;3.39;0
60;rocket_site;1914.00;14.25;1496.00;5.67;0
60;nuclear_reactor;1949.00;14.25;1473.00;2.05;0